5.00001
4
10.0001
4
15.0052
4
20.0102
4
25.0103
4
30.0153
4
35.0199
3.12
40.0193
2.7144
45.0238
2.7144
50.0282
2.7144
55.0276
3.33871
60.0271
4.14
65.0319
4.14
70.0425
4.14
75.0482
4.14
80.0489
4.14
85.0495
4.14
90.0501
4.14
95.1807
4.14
100.186
4.14
105.192
4.14
110.198
4.14
115.208
4.14
120.209
4.14
125.209
4.14
130.214
4.14
135.212
4.14
140.21
4.14
145.214
3.0636
150.217
3.0636
155.215
3.73759
160.219
3.73759
165.217
3.73759
170.22
3.73759
175.219
3.73759
180.222
3.73759
185.22
3.73759
190.223
3.73759
195.227
3.73759
200.23
3.73759
205.228
3.73759
210.232
3.73759
215.23
3.73759
220.233
3.73759
225.232
3.73759
230.23
3.73759
235.233
4.63462
240.231
4.63462
245.23
4.63462
250.233
4.63462
255.231
4.63462
260.24
4.63462
265.244
3.52231
270.252
3.52231
275.257
3.52231
280.261
3.52231
285.27
3.52231
290.274
3.52231
295.278
3.52231
300.287
3.52231
305.291
3.52231
310.295
3.52231
315.304
3.52231
320.312
3.52231
325.321
3.52231
330.33
3.52231
335.334
3.52231
340.343
2.92352
345.346
2.92352
350.355
2.92352
355.364
3.62516
360.368
4.4952
365.372
4.4952
370.381
4.4952
375.389
4.4952
380.393
4.4952
385.427
4.4952
390.431
4.4952
395.44
4.4952
400.449
4.4952
405.457
4.4952
410.462
4.4952
415.465
3.68606
420.469
3.68606
425.478
3.68606
430.612
3.68606
435.616
4.53386
440.619
5.57664
445.623
5.57664
450.632
5.57664
455.641
5.57664
460.645
5.57664
465.649
5.57664
470.653
5.57664
475.662
5.57664
480.666
5.57664
485.675
5.57664
490.679
5.57664
495.687
5.57664
500.826
5.57664
505.83
4.51708
510.833
4.51708
515.837
4.51708
520.956
4.51708
525.96
4.51708
530.969
4.51708
535.973
4.51708
540.977
4.51708
545.985
4.51708
550.994
4.51708
556.002
5.60118
561.021
5.60118
566.025
5.60118
571.029
5.60118
576.039
5.60118
581.042
5.60118
586.046
4.64898
591.05
4.64898
596.059
4.64898
601.068
4.64898
606.077
5.81123
611.091
5.81123
616.25
5.81123
621.324
5.81123
626.333
5.81123
631.337
5.81123
636.341
5.81123
641.345
4.88143
646.353
4.88143
651.362
4.88143
656.371
6.10179
661.375
6.10179
666.378
6.10179
671.386
6.10179
676.39
6.10179
681.394
6.10179
686.403
6.10179
691.412
6.10179
696.421
6.10179
701.425
6.10179
706.434
5.18652
711.437
5.18652
716.44
5.18652
721.449
5.18652
726.453
5.18652
731.457
5.18652
736.466
5.18652
741.47
5.18652
746.478
5.18652
751.487
5.18652
756.496
5.18652
761.5
5.18652
766.504
5.18652
771.508
5.18652
776.517
4.30481
781.526
4.30481
786.53
4.30481
791.533
4.30481
796.537
4.30481
801.546
4.30481
806.555
5.29492
811.559
5.29492
816.563
5.29492
821.567
5.29492
826.571
5.29492
831.575
5.29492
836.579
5.29492
841.582
5.29492
846.591
5.29492
851.595
5.29492
856.604
4.39478
861.608
4.39478
866.612
4.39478
871.621
4.39478
876.625
4.39478
881.633
4.39478
886.642
4.39478
891.646
4.39478
896.66
4.39478
901.664
4.39478
906.668
5.49348
911.676
5.49348
916.88
5.49348
921.884
5.49348
926.893
4.61452
931.896
4.61452
936.9
4.61452
941.904
4.61452
946.908
4.61452
951.916
4.61452
956.92
4.61452
961.934
4.61452
966.948
4.61452
971.957
4.61452
976.961
4.61452
981.965
3.83005
986.969
3.83005
991.972
3.83005
996.981
3.83005
1001.99
3.83005
1006.99
4.74927
1012
4.74927
1017.01
4.74927
1022.01
4.74927
1027.01
4.74927
1032.02
4.74927
1037.02
4.74927
1042.03
4.74927
1047.04
4.74927
1052.11
4.74927
1057.12
3.94189
1062.13
3.94189
1067.13
3.94189
1072.14
4.88794
1077.15
4.88794
1082.16
4.88794
1087.17
4.88794
1092.17
4.88794
1097.18
4.88794
1102.2
4.88794
1107.21
4.88794
1112.4
4.88794
1117.22
4.88794
1122.23
4.88794
1127.24
4.88794
1132.43
4.05699
1137.25
4.05699
1142.26
4.05699
1147.26
4.05699
1152.27
4.05699
1157.49
4.05699
1162.5
4.05699
1167.5
4.05699
1172.51
4.94953
1177.51
4.94953
1182.52
4.94953
1187.53
4.94953
1192.53
4.94953
1197.77
4.94953
1202.77
4.94953
1207.78
6.08792
1212.79
6.08792
1217.8
6.08792
1222.8
4.9921
1227.81
4.9921
1232.81
4.9921
1237.82
4.9921
1242.82
4.9921
1247.83
4.9921
1252.83
4.9921
1258.09
4.9921
1262.85
4.9921
1267.86
4.9921
1273.02
4.9921
1278.02
4.0436
1283.03
4.0436
1288.04
4.0436
1293.04
4.0436
1298.22
4.0436
1303.22
4.0436
1308.23
4.0436
1313.24
4.0436
1318.26
4.0436
1323.27
4.0436
1328.28
4.0436
1333.28
4.0436
1338.29
4.0436
1343.29
4.0436
1348.3
4.0436
1353.31
4.0436
1358.31
4.0436
1363.32
4.0436
1368.32
4.0436
1373.33
4.0436
1378.34
3.31575
1383.35
3.31575
1388.35
3.31575
1393.36
3.31575
1398.36
3.31575
1403.37
3.31575
1408.38
4.14469
1413.39
4.14469
1418.4
4.14469
1423.41
5.18086
1428.42
5.18086
1433.42
5.18086
1438.47
5.18086
1443.48
5.18086
1448.48
5.18086
1453.49
5.18086
1458.5
5.18086
1463.51
5.18086
1468.52
5.18086
1473.53
5.18086
1478.53
4.24831
1483.54
4.24831
1488.54
4.24831
1493.55
4.24831
1498.55
4.24831
1503.56
4.24831
1508.57
5.22542
1513.57
5.22542
1518.58
5.22542
1523.59
5.22542
1528.59
5.22542
1533.6
5.22542
1538.6
5.22542
1543.61
5.22542
1548.62
5.22542
1553.62
4.3371
1558.63
4.3371
1563.63
4.3371
1568.64
4.3371
1573.64
4.3371
1578.64
4.3371
1583.65
4.3371
1588.66
4.3371
1593.67
4.3371
1598.68
4.3371
1603.69
4.3371
1608.7
5.42137
1613.7
5.42137
1618.71
5.42137
1623.72
5.42137
1628.72
5.42137
1633.73
5.42137
1638.74
5.42137
1643.74
4.55395
1648.74
4.55395
1653.75
4.55395
1658.76
4.55395
1663.76
4.55395
1668.77
4.55395
1673.96
4.55395
1678.96
4.55395
1683.98
4.55395
1688.99
4.55395
1693.99
4.55395
1699
3.77978
1704
3.77978
1709.01
4.68693
1714.02
4.68693
1719.02
4.68693
1724.03
4.68693
1729.03
4.68693
1734.03
4.68693
1739.04
4.68693
1744.04
4.68693
1749.05
4.68693
1754.05
4.68693
1759.06
3.89015
1764.06
3.89015
1769.06
3.89015
1774.07
4.78488
1779.08
4.78488
1784.08
4.78488
1789.08
4.78488
1794.09
4.78488
1799.09
4.78488
1804.1
4.78488
1809.1
4.78488
1814.1
4.78488
1819.11
4.78488
1824.12
4.78488
1829.12
4.78488
1834.13
4.78488
1839.25
3.9236
1844.26
3.9236
1849.27
3.9236
1854.28
3.9236
1859.28
4.82603
1864.29
4.82603
1869.3
4.82603
1874.31
4.82603
1879.32
4.82603
1884.33
4.82603
1889.33
4.82603
1894.34
4.82603
1899.34
4.82603
1904.34
3.95735
1909.35
4.82796
1914.36
4.82796
1919.36
4.82796
1924.38
4.82796
1929.53
4.82796
1934.54
4.82796
1939.54
4.82796
1944.55
4.82796
1949.56
4.82796
1954.56
4.82796
1959.57
4.82796
1964.58
4.82796
1969.59
3.91065
1974.6
3.91065
1979.61
3.91065
1984.61
3.91065
1989.61
3.91065
1994.62
3.91065
1999.62
3.91065
2004.63
3.91065
2009.64
3.91065
2014.64
3.91065
2019.65
3.91065
2024.65
3.91065
2029.66
3.91065
2034.67
3.16763
2039.67
3.16763
2044.67
3.16763
2049.68
3.16763
2054.68
3.16763
2059.68
3.89618
2064.68
3.89618
2069.68
3.89618
2074.68
3.89618
2079.68
3.89618
2084.67
3.89618
2089.67
3.89618
2094.67
3.89618
2099.66
3.89618
2104.67
3.89618
2109.66
4.87023
2114.66
4.87023
2119.67
4.87023
2124.67
4.87023
2129.67
4.87023
2134.67
4.87023
2139.66
4.87023
2144.67
4.87023
2149.74
3.99359
2154.74
3.99359
2159.74
3.99359
2164.74
3.99359
2169.74
3.99359
2174.74
4.91211
2179.74
4.91211
2184.74
4.91211
2189.74
4.91211
2194.73
4.91211
2199.73
4.91211
2204.73
4.91211
2209.73
4.91211
2214.73
4.91211
2219.73
4.91211
2224.73
4.02793
2229.73
4.02793
2234.73
4.02793
2239.74
4.02793
2244.73
4.02793
2249.73
4.02793
2254.73
4.02793
2259.72
4.99463
2264.72
4.99463
2269.72
4.99463
2274.72
4.99463
2279.72
4.99463
2284.72
4.99463
2289.72
4.99463
2294.71
4.99463
2299.72
4.99463
2304.72
4.0956
2309.71
4.0956
2314.72
4.0956
2319.71
4.0956
2324.71
5.03759
2329.71
5.03759
2334.71
5.03759
2339.7
6.19623
2344.7
6.19623
2349.7
6.19623
2354.69
6.19623
2359.69
6.19623
2364.7
6.19623
2369.7
6.19623
2374.7
6.19623
2379.69
6.19623
2384.69
6.19623
2389.69
6.19623
2394.69
6.19623
2399.68
6.19623
2404.68
5.08091
2409.81
5.08091
2414.82
5.08091
2419.82
5.08091
2424.83
5.08091
2429.82
5.08091
2434.82
5.08091
2439.82
5.08091
2444.81
5.08091
2449.81
5.08091
2454.81
5.08091
2459.81
5.08091
2464.81
5.08091
2469.81
4.16635
2474.81
4.16635
2479.8
4.16635
2484.8
4.16635
2489.8
4.16635
2494.8
4.16635
2499.8
4.16635
2504.8
4.16635
2509.8
4.16635
2514.8
4.16635
2519.8
4.16635
2524.8
4.16635
2529.8
4.16635
2534.8
4.16635
2539.8
5.20793
2544.81
5.20793
2549.8
5.20793
2554.8
5.20793
2559.8
5.20793
2564.8
5.20793
2570.01
5.20793
2575.01
5.20793
2580.02
5.20793
2585.02
5.20793
2590.02
5.20793
2595.01
5.20793
2600.01
5.20793
2605.01
4.27051
2610.01
5.21002
2615.01
5.21002
2620.01
5.21002
2625.01
5.21002
2630.01
5.21002
2635.01
5.21002
2640.01
5.21002
2645
5.21002
2650
5.21002
2655
5.21002
2660
5.21002
2665
5.21002
2670.01
4.22011
2675
4.22011
2680.01
4.22011
2685.01
4.22011
2690.01
4.22011
2695.01
4.22011
2700.01
4.22011
2705.01
4.22011
2710
4.22011
2715
4.22011
2720
4.22011
2724.99
5.23294
2729.99
5.23294
2734.99
5.23294
2739.99
5.23294
2744.99
5.23294
2749.99
4.29101
2754.98
4.29101
2759.97
5.27794
2764.97
5.27794
2769.97
5.27794
2774.97
5.27794
2780.16
5.27794
2785.17
5.27794
2790.17
5.27794
2795.18
5.27794
2800.18
5.27794
2805.18
5.27794
2810.18
5.27794
2815.18
5.27794
2820.18
4.27514
2825.18
4.27514
2830.18
4.27514
2835.18
4.27514
2840.18
4.27514
2845.18
4.27514
2850.37
4.27514
2855.37
4.27514
2860.36
4.27514
2865.37
4.27514
2870.36
4.27514
2875.36
4.27514
2880.36
3.46286
2885.36
3.46286
2890.36
3.46286
2895.36
3.46286
2900.35
3.46286
2905.36
3.46286
2910.35
4.32857
2915.36
5.41072
2920.36
5.41072
2925.36
5.41072
2930.36
5.41072
2935.36
5.41072
2940.37
5.41072
2945.37
5.41072
2950.39
5.41072
2955.39
5.41072
2960.38
5.41072
2965.38
5.41072
2970.38
4.43679
2975.38
4.43679
2980.38
4.43679
2985.38
4.43679
2990.5
4.43679
2995.51
4.43679
3000.5
4.43679
3005.5
4.43679
3010.5
4.43679
3015.5
4.43679
3020.5
4.43679
3025.5
4.43679
3030.5
4.43679
3035.5
4.43679
3040.5
4.43679
3045.5
4.43679
3050.5
4.43679
3055.5
4.43679
3060.5
5.45725
3065.5
5.45725
3070.5
4.47495
3075.49
4.47495
3080.49
4.47495
3085.49
4.47495
3090.49
4.47495
3095.5
4.47495
3100.49
4.47495
3105.5
4.47495
3110.5
5.45943
3115.49
5.45943
3120.5
5.45943
3125.49
5.45943
3130.49
5.45943
3135.49
4.47674
3140.49
4.47674
3145.49
4.47674
3150.63
4.47674
3155.64
4.47674
3160.63
4.47674
3165.63
4.47674
3170.63
4.47674
3175.63
4.47674
3180.63
4.47674
3185.62
4.47674
3190.62
3.67092
3195.62
3.67092
3200.61
3.67092
3205.61
3.67092
3210.62
4.51523
3215.62
4.51523
3220.61
4.51523
3225.61
4.51523
3230.61
4.51523
3235.61
4.51523
3240.61
4.51523
3245.61
4.51523
3250.61
4.51523
3255.6
4.51523
3260.61
3.65734
3265.61
3.65734
3270.61
3.65734
3275.83
4.49853
3280.83
4.49853
3285.83
4.49853
3290.82
4.49853
3295.82
4.49853
3300.82
4.49853
3305.82
4.49853
3310.82
4.49853
3315.82
4.49853
3320.82
4.49853
3325.82
4.49853
3330.82
4.49853
3336.04
4.49853
3341.04
4.49853
3346.04
3.64381
3351.03
3.64381
3356.04
3.64381
3361.04
3.64381
3366.04
3.64381
3371.14
3.64381
3376.13
4.48188
3381.13
4.48188
3386.13
4.48188
3391.13
4.48188
3396.13
4.48188
3401.14
4.48188
3406.13
4.48188
3411.14
4.48188
3416.13
4.48188
3421.27
4.48188
3426.27
4.48188
3431.27
3.63033
3436.27
3.63033
3441.27
3.63033
3446.27
3.63033
3451.27
3.63033
3456.27
3.63033
3461.26
4.53791
3466.26
4.53791
3471.26
4.53791
3476.25
4.53791
3481.25
4.53791
3486.25
4.53791
3491.24
4.53791
3496.25
4.53791
3501.24
4.53791
3506.53
4.53791
3511.25
4.53791
3516.26
4.53791
3521.26
4.53791
3526.26
3.67571
3531.26
3.67571
3536.26
3.67571
3541.27
3.67571
3546.27
3.67571
3551.26
3.67571
3556.26
3.67571
3561.26
4.52112
3566.26
5.56097
3571.33
5.56097
3576.33
5.56097
3581.32
5.56097
3586.32
5.56097
3591.32
5.56097
3596.32
5.56097
3601.33
5.56097
3606.33
4.50439
3611.33
4.50439
3616.33
4.50439
3621.33
4.50439
3626.33
5.5404
3631.34
5.5404
3636.33
5.5404
3641.33
5.5404
3646.33
5.5404
3651.33
5.5404
3656.36
5.5404
3661.35
5.5404
3666.35
5.5404
3671.35
5.5404
3676.35
5.5404
3681.35
5.5404
3686.35
5.5404
3691.35
4.48772
3696.35
4.48772
3701.35
4.48772
3706.35
4.48772
3711.34
4.48772
3716.34
4.48772
3721.34
4.48772
3726.34
5.5199
3731.41
5.5199
3736.41
5.5199
3741.41
5.5199
3746.41
5.5199
3751.41
5.5199
3756.41
5.5199
3761.41
5.5199
3766.41
5.5199
3771.42
4.47112
3776.41
4.47112
3781.53
4.47112
3786.53
4.47112
3791.52
4.47112
3796.63
4.47112
3801.62
4.47112
3806.63
4.47112
3811.63
4.47112
3816.62
4.47112
3821.63
4.47112
3826.62
5.63361
3831.62
5.63361
3836.62
5.63361
3841.62
5.63361
3846.62
5.63361
3851.62
5.63361
3856.62
5.63361
3861.62
5.63361
3866.62
5.63361
3871.62
5.63361
3876.62
5.63361
3881.62
4.61956
3886.62
4.61956
3891.62
4.61956
3896.61
4.61956
3901.61
4.61956
3906.61
4.61956
3911.61
4.61956
3916.61
4.61956
3921.6
4.61956
3926.6
4.61956
3931.69
4.61956
3936.69
4.61956
3941.68
4.61956
3946.68
4.61956
3951.72
4.61956
3956.72
4.61956
3961.72
4.61956
3966.73
4.61956
3971.72
4.61956
3976.73
4.61956
3981.73
4.61956
3986.73
4.61956
3991.73
4.61956
3996.72
4.61956
4001.73
4.61956
4006.73
3.78804
4011.72
4.69717
4016.72
4.69717
4021.72
4.69717
4026.72
4.69717
4031.72
4.69717
4036.72
4.69717
4041.71
4.69717
4046.72
4.69717
4051.72
4.69717
4056.72
4.69717
4061.72
4.69717
4066.72
4.69717
4071.72
4.69717
4076.72
4.69717
4081.73
3.85168
4086.73
3.85168
4091.72
3.85168
4096.71
3.85168
4101.64
3.85168
4106.58
3.85168
4111.5
4.73756
4116.45
4.73756
4121.38
4.73756
4126.31
4.73756
4131.27
4.73756
4136.22
4.73756
4141.17
3.8848
4146.1
3.8848
4151.02
3.8848
4155.96
3.8848
4160.9
4.81715
4165.84
4.81715
4170.94
4.81715
4175.87
4.81715
4180.81
4.81715
4185.76
4.81715
4190.69
4.81715
4195.63
4.81715
4200.56
4.81715
4205.49
4.81715
4210.41
3.95007
4215.35
3.95007
4220.29
3.95007
4225.23
3.95007
4230.16
3.95007
4235.08
3.95007
4240.03
3.95007
4244.96
3.95007
4249.89
3.95007
4254.82
3.95007
4259.75
3.95007
4264.68
3.95007
4269.62
3.95007
4274.54
4.93758
4279.5
4.93758
4284.43
4.93758
4289.36
4.93758
4294.29
4.93758
4299.23
4.93758
4304.17
4.04882
4309.1
4.04882
4314.04
4.04882
4318.98
4.04882
4323.91
4.04882
4328.85
4.04882
4333.78
4.04882
4338.71
4.04882
4343.64
4.04882
4348.58
4.04882
4353.51
4.04882
4358.43
4.98005
4363.37
4.98005
4368.31
4.08364
4373.23
4.08364
4378.16
4.08364
4383.1
4.08364
4388.03
4.08364
4392.96
4.08364
4397.91
4.08364
4402.85
4.08364
4407.79
4.08364
4412.72
4.08364
4417.65
4.08364
4422.59
4.08364
4427.52
4.08364
4432.44
4.08364
4437.38
4.08364
4442.35
4.08364
4447.29
4.08364
4452.31
4.08364
4457.25
4.08364
4462.33
4.08364
4467.3
4.08364
4472.42
4.08364
4477.34
4.08364
4482.27
4.08364
4487.23
4.08364
4492.16
3.38942
4497.1
3.38942
4502.03
3.38942
4506.96
4.20288
4512.1
4.20288
4517.03
4.20288
4521.97
4.20288
4526.9
4.20288
4531.83
4.20288
4536.76
4.20288
4541.69
4.20288
4546.62
4.20288
4551.56
3.48839
4556.5
3.48839
4561.43
3.48839
4566.38
3.48839
4571.31
3.48839
4576.24
3.48839
4581.17
3.48839
4586.12
3.48839
4591.05
3.48839
4595.98
3.48839
4600.91
3.48839
4605.85
4.3256
4610.78
4.3256
4615.7
4.3256
4620.64
4.3256
4625.58
4.3256
4630.51
4.3256
4635.45
4.3256
4640.39
4.3256
4645.32
4.3256
4650.25
4.3256
4655.18
3.59025
4660.11
3.59025
4665.05
3.59025
4669.99
4.45191
4674.92
4.45191
4679.85
4.45191
4684.79
4.45191
4689.71
4.45191
4694.65
4.45191
4699.59
4.45191
4704.51
4.45191
4709.58
4.45191
4714.5
4.45191
4719.45
4.45191
4724.38
4.45191
4729.3
3.69509
4734.24
3.69509
4739.17
3.69509
4744.1
3.69509
4749.03
3.69509
4753.96
3.69509
4758.89
3.69509
4763.82
3.69509
4768.76
3.69509
4773.7
3.69509
4778.65
3.69509
4783.59
3.69509
4788.52
3.69509
4793.46
3.69509
4798.39
3.69509
4803.32
3.69509
4808.24
3.69509
4813.37
3.69509
4818.3
3.69509
4823.25
3.06692
4828.19
3.06692
4833.13
3.06692
4838.07
3.06692
4843.01
3.06692
4847.94
3.06692
4852.87
3.80298
4857.79
3.80298
4862.73
3.80298
4867.96
3.80298
4872.59
3.80298
4877.52
3.80298
4882.44
3.80298
4887.37
3.80298
4892.31
3.80298
4897.24
3.80298
4902.18
3.15648
4907.11
3.15648
4912.2
3.15648
4917.13
3.88247
4922.06
3.88247
4926.99
3.88247
4931.92
3.88247
4936.84
3.88247
4941.76
3.88247
4946.69
3.88247
4951.62
3.88247
4956.56
3.88247
4961.5
3.88247
4966.44
3.88247
4971.4
3.88247
4976.34
3.22245
4981.27
3.22245
4986.21
3.22245
4991.13
3.22245
4996.06
3.22245
5001
3.99583
5005.94
3.99583
5010.87
3.99583
5015.8
3.99583
5020.73
3.99583
5025.66
3.99583
5030.59
3.99583
5035.52
3.99583
5040.45
3.99583
5045.38
3.99583
5050.32
3.99583
5055.27
3.99583
5060.2
3.99583
5065.15
3.99583
5070.09
3.31654
5075.03
3.31654
5079.96
3.31654
5084.89
3.31654
5089.82
3.31654
5094.76
3.31654
5099.69
4.14568
5104.62
4.14568
5109.56
4.14568
5114.5
4.14568
5119.43
4.14568
5124.36
4.14568
5129.29
4.14568
5134.22
4.14568
5139.16
4.14568
5144.08
4.14568
5149.02
4.14568
5153.95
3.44091
5158.88
3.44091
5163.81
3.44091
5168.74
3.44091
5173.67
3.44091
5178.6
3.44091
5183.53
3.44091
5188.47
3.44091
5193.41
3.44091
5198.34
4.33555
5203.29
4.33555
5208.23
4.33555
5213.16
4.33555
5218.09
4.33555
5223.23
4.33555
5228.17
4.33555
5233.11
4.33555
5238.03
3.59851
5243.08
3.59851
5248.07
3.59851
5253
3.59851
5257.92
3.59851
5262.85
3.59851
5267.78
3.59851
5272.71
3.59851
5277.65
3.59851
5282.58
3.59851
5287.52
2.98676
5292.46
2.98676
5297.39
3.64385
5302.31
3.64385
5307.24
3.64385
5312.17
3.64385
5317.1
3.64385
5322.04
3.64385
5326.96
3.64385
5331.9
3.64385
5336.85
3.64385
5341.84
3.64385
5346.78
3.64385
5351.72
3.64385
5356.67
3.64385
5361.61
4.51837
5366.54
4.51837
5371.48
4.51837
5376.41
3.75025
5381.33
3.75025
5386.27
3.75025
5391.2
3.75025
5396.13
4.65031
5401.07
4.65031
5406.09
4.65031
5411.01
4.65031
5415.95
4.65031
5420.89
4.65031
5425.82
4.65031
5430.75
4.65031
5435.84
4.65031
5440.77
4.65031
5445.7
4.65031
5450.64
3.85975
5455.56
3.85975
5460.49
3.85975
5465.42
3.85975
5470.36
3.85975
5475.29
4.78609
5480.23
4.78609
5485.16
4.78609
5490.1
4.78609
5495.04
4.78609
5499.98
4.78609
5504.93
4.78609
5509.86
4.78609
5514.79
4.78609
5519.72
4.78609
5524.66
4.78609
5529.6
4.78609
5534.55
3.97246
5539.48
3.97246
5544.42
4.88612
5549.35
4.88612
5554.28
4.88612
5559.22
4.88612
5564.15
4.88612
5569.09
4.88612
5574.02
4.88612
5578.95
4.88612
5583.89
4.88612
5588.82
4.88612
5593.74
4.05548
5598.67
4.05548
5603.61
4.05548
5608.63
4.05548
5613.57
4.05548
5618.52
4.05548
5623.44
4.05548
5628.38
4.05548
5633.45
4.05548
5638.39
4.05548
5643.33
4.05548
5648.26
4.05548
5653.2
4.05548
5658.13
4.05548
5663.29
4.05548
5668.23
3.3255
5673.17
3.3255
5678.11
3.3255
5683.04
3.3255
5687.97
3.3255
5692.9
4.15687
5697.83
4.15687
5702.77
4.15687
5707.7
4.15687
5712.64
4.15687
5717.58
4.15687
5722.52
4.15687
5727.45
4.15687
5732.38
4.15687
5737.3
3.40863
5742.23
3.40863
5747.16
3.40863
5752.09
3.40863
5757.02
4.22671
5761.96
4.22671
5767.08
4.22671
5772
4.22671
5776.94
4.22671
5781.87
4.22671
5786.81
4.22671
5791.74
4.22671
5796.68
4.22671
5801.61
4.22671
5806.72
4.22671
5811.66
4.22671
5816.58
3.4659
5821.52
3.4659
5826.46
3.4659
5831.4
3.4659
5836.36
3.4659
5841.3
4.33237
5846.23
4.33237
5851.18
4.33237
5856.14
4.33237
5861.07
4.33237
5866.02
4.33237
5870.94
4.33237
5875.88
4.33237
5880.82
4.33237
5885.76
4.33237
5890.69
4.33237
5895.62
4.33237
5900.57
4.33237
5905.51
4.33237
5910.45
4.33237
5915.58
4.33237
5920.51
3.59587
5925.45
3.59587
5930.39
3.59587
5935.31
3.59587
5940.23
3.59587
5945.17
3.59587
5950.11
3.59587
5955.05
4.49484
5959.99
4.49484
5964.91
4.49484
5969.85
4.49484
5974.79
4.49484
5979.79
4.49484
5984.73
4.49484
5989.67
4.49484
5994.6
4.49484
5999.54
3.73071
6004.47
3.73071
6009.4
3.73071
6014.34
3.73071
6019.27
3.73071
6024.2
3.73071
6029.16
3.73071
6034.14
3.73071
6039.08
4.62609
6044.01
4.62609
6048.94
4.62609
6053.87
4.62609
6058.8
4.62609
6063.74
3.83965
6068.72
3.83965
6073.65
3.83965
6078.58
3.83965
6083.51
3.83965
6088.44
4.76117
6093.37
4.76117
6098.33
4.76117
6103.27
4.76117
6108.21
4.76117
6113.15
4.76117
6118.08
4.76117
6123.01
4.76117
6127.94
3.95177
6132.88
3.95177
6137.83
3.95177
6142.76
3.95177
6147.7
3.95177
6152.64
4.90019
6157.57
4.90019
6162.5
4.90019
6167.43
4.90019
6172.36
4.90019
6177.29
4.90019
6182.22
4.90019
6187.16
4.90019
6192.09
4.90019
6197.02
4.90019
6201.96
4.90019
6206.89
4.06716
6212
4.06716
6216.93
4.06716
6221.86
4.06716
6226.79
4.06716
6231.72
4.06716
6236.66
4.06716
6241.61
4.06716
6246.55
4.06716
6251.48
4.06716
6256.41
3.37574
6261.36
3.37574
6266.3
3.37574
6271.23
3.37574
6276.17
3.37574
6281.09
3.37574
6286.02
4.18592
6290.95
4.18592
6295.89
4.18592
6300.82
4.18592
6305.76
4.18592
6310.7
4.18592
6315.63
4.18592
6320.56
4.18592
6325.49
4.18592
6330.42
3.47432
6335.36
4.23866
6340.37
4.23866
6345.3
4.23866
6350.22
4.23866
6355.15
4.23866
6360.09
4.23866
6365.02
4.23866
6369.96
4.23866
6374.89
4.23866
6379.83
4.23866
6384.76
4.23866
6389.69
4.23866
6394.63
4.23866
6399.55
4.23866
6404.71
3.51809
6409.64
3.51809
6414.57
3.51809
6419.52
3.51809
6424.44
3.51809
6429.39
3.51809
6434.32
4.36243
6439.25
4.36243
6444.18
4.36243
6449.13
4.36243
6454.06
4.36243
6458.99
4.36243
6463.92
4.36243
6468.86
4.36243
6473.79
3.62082
6478.72
3.62082
6483.82
3.62082
6488.75
3.62082
6493.7
3.62082
6498.64
3.62082
6503.57
3.62082
6508.51
3.62082
6513.45
3.62082
6518.38
3.62082
6523.31
3.62082
6528.26
3.62082
6533.19
4.45361
6538.13
4.45361
6543.1
4.45361
6548.04
3.6965
6552.98
3.6965
6557.92
3.6965
6562.85
3.6965
6567.78
3.6965
6572.71
3.6965
6577.65
3.6965
6582.57
4.62062
6587.69
4.62062
6592.61
4.62062
6597.56
4.62062
6602.49
4.62062
6607.42
4.62062
6612.35
4.62062
6617.28
4.62062
6622.21
4.62062
6627.15
4.62062
6632.08
5.68336
6637.01
5.68336
6641.95
5.68336
6646.88
5.68336
6651.88
5.68336
6656.95
4.77402
6661.88
4.77402
6666.81
4.77402
6671.75
4.77402
6676.68
4.77402
6681.63
4.77402
6686.55
4.77402
6691.49
4.77402
6696.42
4.77402
6701.35
4.77402
6706.28
3.96244
6711.22
3.96244
6716.15
3.96244
6721.09
3.96244
6726.12
3.96244
6731.06
4.8738
6735.99
4.8738
6740.92
4.8738
6745.86
4.8738
6750.79
4.8738
6755.73
4.8738
6760.65
4.8738
6765.59
4.8738
6770.53
4.8738
6775.46
4.8738
6780.4
4.04525
6785.35
4.04525
6790.28
4.04525
6795.21
4.97566
6800.15
4.97566
6805.09
4.97566
6810.02
4.97566
6814.96
4.97566
6819.9
4.97566
6824.83
4.97566
6829.87
4.97566
6834.8
4.97566
6839.73
4.97566
6844.67
4.97566
6849.6
4.97566
6854.55
4.1298
6859.48
4.1298
6864.42
4.1298
6869.35
4.1298
6874.29
4.1298
6879.22
4.1298
6884.16
4.1298
6889.1
4.1298
6894.02
5.12095
6898.96
5.12095
6903.89
5.12095
6908.82
5.12095
6913.75
5.12095
6918.69
5.12095
6923.63
5.12095
6928.58
4.25039
6933.51
4.25039
6938.45
4.25039
6943.39
4.25039
6948.33
4.25039
6953.27
4.25039
6958.19
4.25039
6963.13
4.25039
6968.07
4.25039
6973.03
4.25039
6977.98
5.18548
6982.92
5.18548
6987.86
5.18548
6992.79
5.18548
6997.73
5.18548
7002.68
5.18548
7007.62
4.30395
7012.55
4.30395
7017.49
4.30395
7022.53
4.30395
7027.47
4.30395
7032.4
4.30395
7037.33
4.30395
7042.26
5.33689
7047.2
5.33689
7052.13
5.33689
7057.11
5.33689
7062.04
5.33689
7066.97
5.33689
7071.9
5.33689
7076.84
5.33689
7081.77
4.42962
7086.72
4.42962
7091.64
4.42962
7096.59
4.42962
7101.52
4.42962
7106.45
4.42962
7111.39
4.42962
7116.33
4.42962
7121.26
4.42962
7126.2
4.42962
7131.14
4.42962
7136.07
4.42962
7141
4.42962
7145.94
4.42962
7150.93
4.42962
7155.86
3.67658
7160.79
3.67658
7165.73
3.67658
7170.66
3.67658
7175.62
3.67658
7180.55
3.67658
7185.53
3.67658
7190.47
4.55897
7195.4
4.55897
7200.33
4.55897
7205.27
4.55897
7210.2
4.55897
7215.13
4.55897
7220.08
4.55897
7225.01
4.55897
7229.96
4.55897
7234.88
3.82953
7239.83
3.82953
7244.89
3.82953
7249.82
3.82953
7254.76
3.82953
7259.71
3.82953
7264.64
3.82953
7269.59
3.82953
7274.52
3.82953
7279.46
3.82953
7284.39
3.82953
7289.33
4.78691
7294.27
4.78691
7299.21
4.78691
7304.14
4.78691
7309.08
4.78691
7314.02
4.78691
7318.94
4.78691
7323.89
4.78691
7328.91
4.02101
7333.84
4.02101
7338.82
4.02101
7343.76
4.02101
7348.7
4.02101
7353.63
4.02101
7358.56
4.02101
7363.67
4.02101
7368.6
4.02101
7373.54
4.02101
7378.48
4.02101
7383.41
4.02101
7388.34
4.94584
7393.27
4.94584
7398.2
4.94584
7403.14
4.1545
7408.07
4.1545
7413.02
4.1545
7417.95
4.1545
7422.88
4.1545
7427.82
4.1545
7432.75
4.1545
7437.68
4.1545
7442.61
4.1545
7447.55
4.1545
7452.48
3.48978
7457.42
3.48978
7462.36
3.48978
7467.3
3.48978
7472.25
3.48978
7477.31
3.48978
7482.25
3.48978
7487.19
4.29243
7492.12
4.29243
7497.05
4.29243
7501.99
4.29243
7506.92
4.29243
7511.85
4.29243
7516.78
4.29243
7521.72
3.60564
7526.66
3.60564
7531.59
3.60564
7536.52
3.60564
7541.45
3.60564
7546.39
3.60564
7551.33
3.60564
7556.27
3.60564
7561.21
3.60564
7566.14
3.60564
7571.07
3.60564
7576
3.60564
7580.93
3.60564
7585.87
4.43494
7590.81
4.43494
7595.75
4.43494
7600.68
3.72535
7605.62
3.72535
7610.56
3.72535
7615.5
3.72535
7620.42
4.61944
7625.37
4.61944
7630.3
4.61944
7635.23
4.61944
7640.15
4.61944
7645.09
4.61944
7650.03
4.61944
7654.95
4.61944
7659.88
4.61944
7664.8
4.61944
7669.74
4.61944
7674.68
3.83413
7679.63
3.83413
7684.62
3.83413
7689.57
3.83413
7694.52
3.83413
7699.48
3.83413
7704.41
3.83413
7709.36
3.83413
7714.32
3.83413
7719.26
3.83413
7724.22
3.83413
7729.16
3.83413
7734.14
4.75432
7739.08
4.75432
7744.03
4.75432
7748.97
4.75432
7753.93
4.75432
7758.88
4.75432
7763.82
3.99363
7768.77
3.99363
7773.72
3.99363
7778.67
3.99363
7783.61
4.9521
7788.57
4.9521
7793.6
4.9521
7798.55
4.9521
7803.49
4.9521
7808.44
4.9521
7813.38
4.9521
7818.32
4.9521
7823.26
4.9521
7828.21
4.9521
7833.15
4.15977
7838.1
4.15977
7843.05
4.15977
7848
4.15977
7852.94
4.15977
7857.89
4.15977
7862.84
4.15977
7867.79
4.15977
7872.73
4.15977
7877.67
4.15977
7882.61
4.15977
7887.55
4.15977
7892.5
4.15977
7897.45
4.15977
7902.4
3.45261
7907.34
3.45261
7912.29
3.45261
7917.25
4.21218
7922.19
4.21218
7927.13
4.21218
7932.07
4.21218
7937.01
4.21218
7941.96
4.21218
7946.9
4.21218
7951.84
4.21218
7956.78
4.21218
7961.72
3.49611
7966.66
3.49611
7971.61
3.49611
7976.56
3.49611
7981.5
3.49611
7986.46
3.49611
7991.4
3.49611
7996.35
3.49611
8001.31
3.49611
8006.25
3.49611
8011.2
3.49611
8016.14
4.33518
8021.09
4.33518
8026.03
4.33518
8030.97
4.33518
8035.91
4.33518
8040.86
4.33518
8045.81
4.33518
8050.77
4.33518
8055.87
3.64155
8060.83
3.64155
8065.82
4.55193
8070.78
5.68992
8075.72
5.68992
8080.67
5.68992
8085.64
5.68992
8090.6
5.68992
8095.55
5.68992
8100.51
5.68992
8105.49
5.68992
8110.45
5.68992
8115.41
5.68992
8120.36
5.68992
8125.32
5.68992
8130.3
4.72263
8135.27
4.72263
8140.22
4.72263
8145.17
4.72263
8150.11
4.72263
8155.09
4.72263
8160.05
4.72263
8165
4.72263
8169.98
4.72263
8174.94
4.72263
8179.89
3.91978
8184.87
3.91978
8189.82
3.91978
8194.76
3.91978
8199.67
3.91978
8204.59
3.91978
8209.5
3.91978
8214.43
4.82134
8219.36
4.82134
8224.27
4.82134
8229.2
4.82134
8234.11
4.82134
8239.01
4.82134
8243.93
4.82134
8248.85
4.82134
8253.77
4.82134
8258.68
4.00171
8263.59
4.9221
8268.5
4.9221
8273.42
4.9221
8278.34
4.9221
8283.25
4.9221
8288.16
4.9221
8293.08
4.9221
8297.99
4.9221
8302.9
4.9221
8307.83
4.9221
8312.74
4.9221
8317.66
4.08534
8322.56
4.08534
8327.47
4.08534
8332.38
4.08534
8337.29
4.08534
8342.22
4.08534
8347.13
4.08534
8352.05
4.08534
8356.98
4.08534
8361.9
4.08534
8366.8
4.08534
8371.72
4.08534
8376.62
5.06583
8381.55
5.06583
8386.46
5.06583
8391.38
5.06583
8396.3
5.06583
8401.21
5.06583
8406.12
5.06583
8411.03
5.06583
8415.94
5.06583
8420.87
5.06583
8425.78
4.25529
8430.88
4.25529
8435.78
4.25529
8440.7
4.25529
8445.62
4.25529
8450.53
4.25529
8455.44
4.25529
8460.36
4.25529
8465.28
4.25529
8470.2
4.25529
8475.11
5.23401
8480.03
5.23401
8484.94
5.23401
8489.85
5.23401
8494.77
5.23401
8499.69
5.23401
8504.6
4.39657
8509.51
4.39657
8514.43
4.39657
8519.34
4.39657
8524.25
4.39657
8529.16
4.39657
8534.06
4.39657
8538.98
4.39657
8543.9
4.39657
8548.81
4.39657
8553.72
4.39657
8558.68
4.39657
8563.59
3.69312
8568.51
3.69312
8573.42
3.69312
8578.33
3.69312
8583.26
3.69312
8588.17
3.69312
8593.08
3.69312
8598.01
3.69312
8602.93
3.69312
8607.89
4.6164
8612.81
5.7705
8617.72
5.7705
8622.63
5.7705
8627.57
5.7705
8632.48
5.7705
8637.39
5.7705
8642.3
5.7705
8647.39
4.84722
8652.31
4.84722
8657.22
4.84722
8662.14
4.84722
8667.05
4.84722
8671.95
4.84722
8676.87
4.84722
8681.78
4.84722
8686.69
4.84722
8691.61
4.84722
8696.52
4.84722
8701.43
4.07166
8706.34
5.00815
8711.25
5.00815
8716.17
5.00815
8721.08
5.00815
8726.01
5.00815
8730.93
5.00815
8735.86
5.00815
8740.78
5.00815
8745.69
5.00815
8750.61
5.00815
8755.53
4.20684
8760.63
4.20684
8765.54
4.20684
8770.45
5.17442
8775.36
5.17442
8780.27
5.17442
8785.18
5.17442
8790.1
5.17442
8795
5.17442
8799.93
5.17442
8804.84
5.17442
8809.76
5.17442
8814.66
5.17442
8819.57
5.17442
8824.5
5.17442
8829.4
4.34651
8834.33
4.34651
8839.24
4.34651
8844.15
4.34651
8849.08
4.34651
8854.01
5.30274
8859.01
5.30274
8863.92
5.30274
8868.84
5.30274
8873.75
5.30274
8878.66
5.30274
8883.56
4.4543
8888.47
4.4543
8893.38
4.4543
8898.3
4.4543
8903.22
4.4543
8908.15
4.4543
8913.07
4.4543
8917.99
5.43425
8922.9
5.43425
8927.99
5.43425
8932.72
5.43425
8937.65
5.43425
8942.56
5.43425
8947.48
5.43425
8952.39
5.43425
8957.31
4.56477
8962.22
4.56477
8967.14
4.56477
8972.05
4.56477
8976.97
4.56477
8981.89
4.56477
8986.8
4.56477
8991.72
4.56477
8996.65
4.56477
9001.56
5.66032
9006.47
5.66032
9011.38
5.66032
9016.3
5.66032
9021.21
5.66032
9026.13
5.66032
9031.06
4.75467
9035.97
4.75467
9040.89
4.75467
9045.79
4.75467
9050.71
4.75467
9055.63
4.75467
9060.55
4.75467
9065.48
4.75467
9070.39
4.75467
9075.3
4.75467
9080.21
3.94637
9085.12
3.94637
9090.03
3.94637
9094.96
3.94637
9099.86
4.85404
9104.78
4.85404
9109.69
4.85404
9114.6
4.85404
9119.53
4.85404
9124.45
4.85404
9129.38
4.85404
9134.31
4.85404
9139.22
4.85404
9144.13
4.85404
9149.04
4.85404
9153.96
4.85404
9158.89
4.07739
9163.8
4.07739
9168.71
4.07739
9173.63
4.07739
9178.55
4.07739
9183.48
4.07739
9188.4
4.07739
9193.33
4.07739
9198.25
4.07739
9203.16
4.07739
9208.08
4.07739
9213
5.05597
9217.91
5.05597
9222.83
5.05597
9227.74
5.05597
9232.65
5.05597
9237.57
5.05597
9242.5
5.05597
9247.41
5.05597
9252.32
5.05597
9257.23
5.05597
9262.15
4.24701
9267.05
4.24701
9271.97
4.24701
9276.87
4.24701
9281.79
4.24701
9286.72
4.24701
9291.63
4.24701
9296.54
5.26629
9301.46
5.26629
9306.37
5.26629
9311.3
5.26629
9316.21
5.26629
9321.12
5.26629
9326.03
5.26629
9330.95
5.26629
9335.88
5.26629
9340.79
5.26629
9345.7
4.42369
9350.61
4.42369
9355.52
4.42369
9360.43
4.42369
9365.53
4.42369
9370.44
4.42369
9375.36
4.42369
9380.28
4.42369
9385.19
4.42369
9390.1
4.42369
9395
5.48537
9399.92
5.48537
9404.82
5.48537
9409.74
5.48537
9414.65
4.60771
9419.58
4.60771
9424.5
4.60771
9429.42
4.60771
9434.34
4.60771
9439.25
4.60771
9444.17
4.60771
9449.08
4.60771
9453.99
4.60771
9458.91
4.60771
9463.83
4.60771
9468.76
4.60771
9473.67
3.87048
9478.58
3.87048
9483.49
3.87048
9488.41
3.87048
9493.32
4.76069
9498.24
4.76069
9503.15
4.76069
9508.07
4.76069
9512.99
4.76069
9518.15
4.76069
9523.07
4.76069
9528.02
4.76069
9532.94
3.99898
9537.85
3.99898
9542.76
3.99898
9547.66
3.99898
9552.58
3.99898
9557.5
3.99898
9562.42
3.99898
9567.33
3.99898
9572.24
3.99898
9577.16
3.99898
9582.12
3.99898
9587.03
3.99898
9591.94
3.35914
9596.86
3.35914
9601.77
3.35914
9606.69
4.16534
9611.59
4.16534
9616.51
4.16534
9621.43
4.16534
9626.34
4.16534
9631.25
4.16534
9636.17
4.16534
9641.08
4.16534
9645.99
4.16534
9650.9
4.16534
9655.82
4.16534
9660.74
4.16534
9665.65
4.16534
9670.56
3.49888
9675.48
3.49888
9680.4
3.49888
9685.3
3.49888
9690.21
3.49888
9695.12
3.49888
9700.04
3.49888
9704.95
4.3736
9709.88
4.3736
9714.8
4.3736
9719.72
4.3736
9724.64
4.3736
9729.55
4.3736
9734.47
4.3736
9739.39
4.3736
9744.3
3.67383
9749.22
3.67383
9754.13
3.67383
9759.04
3.67383
9763.95
3.67383
9768.87
3.67383
9773.79
3.67383
9778.71
3.67383
9783.63
3.67383
9788.54
4.59228
9793.44
4.59228
9798.37
4.59228
9803.29
4.59228
9808.22
4.59228
9813.12
4.59228
9818.05
4.59228
9822.99
3.85752
9827.91
3.85752
9832.84
3.85752
9837.81
3.85752
9842.74
3.85752
9847.68
3.85752
9852.64
4.78332
9857.55
4.78332
9862.49
4.78332
9867.46
4.78332
9872.44
4.78332
9879.1
4.78332
9887.33
4.78332
9893.88
4.78332
9900.22
4.78332
9918.7
4.01799
9934.02
4.01799
9944.79
4.01799
9968.61
4.01799
10000.6
4.01799
