5.00502
5.34167
10.0051
5.34167
15.0102
5.34167
20.0102
5.34167
25.0152
5.34167
30.0202
5.34167
35.0299
5.34167
40.0344
5.34167
45.0389
5.34167
50.0384
5.34167
55.0378
5.34167
60.0423
10.7783
65.042
10.7783
70.0425
15.4383
75.048
15.4383
80.0585
15.4383
85.0639
15.4383
90.064
22.4283
95.069
28.1133
100.074
31.52
105.08
34.3033
110.08
34.3033
115.08
34.3033
120.086
34.3033
125.086
42.9445
130.085
42.9445
135.239
44.4145
140.243
44.7025
145.246
52.1782
150.25
52.1782
155.249
52.1782
160.248
56.2032
165.246
56.2032
170.25
56.2032
175.248
56.2032
180.252
56.2032
185.25
56.7812
190.249
62.5611
195.247
62.5611
200.246
66.6897
205.245
71.5197
210.248
71.5197
215.257
71.5197
220.261
71.5197
225.265
71.5197
230.264
73.3563
