5.00502
12.08
10.0051
12.08
15.0102
10.0264
20.0102
7.5198
25.0152
5.26386
30.0202
5.26386
35.0299
5.26386
40.0344
5.26386
45.0389
5.26386
50.0384
5.26386
55.0378
5.26386
60.0423
5.26386
65.042
5.26386
70.0425
5.26386
75.048
5.26386
80.0585
5.26386
85.0639
5.26386
90.064
3.78998
95.069
3.78998
100.074
3.78998
105.08
5.76077
110.08
5.76077
115.08
5.76077
120.086
5.76077
125.086
5.76077
130.085
5.76077
135.239
5.76077
140.243
5.76077
145.246
5.76077
150.25
5.76077
155.249
5.76077
160.248
5.76077
165.246
4.95426
170.25
4.95426
175.248
4.95426
180.252
4.95426
185.25
4.95426
190.249
4.95426
195.247
4.95426
200.246
4.95426
205.245
7.53048
210.248
7.53048
215.257
6.55151
220.261
6.55151
225.265
6.55151
230.264
6.55151
