5.00001
0
10.0001
0
15.0052
1
20.0051
2
25.0051
3
30.0051
4
35.0048
5
40.0045
6
45.0091
6
50.0088
5
55.0134
4
60.0131
4
65.0129
4
70.0131
4
75.0136
4
80.0187
4
85.0191
4
90.0193
4
95.0246
4
100.025
4
105.03
4
110.031
4
115.031
4
120.031
4
125.036
4
130.036
4
135.035
4
140.034
5
145.032
6
150.031
7
155.03
8
160.034
8
165.033
7
170.037
6
175.035
6
180.039
6
185.038
6
190.037
6
195.036
6
200.034
6
205.034
6
210.032
6
215.036
6
220.035
6
225.034
7
230.037
7
235.041
8
240.045
8
245.054
7
250.053
8
255.052
9
260.061
9
265.07
9
270.079
9
275.088
9
280.091
9
285.095
9
290.099
9
295.103
9
300.107
9
305.121
9
310.125
9
315.129
10
320.132
11
325.141
12
330.145
13
335.154
13
340.163
14
345.172
14
350.181
15
355.185
16
360.189
16
365.198
16
370.202
16
375.216
16
380.22
16
385.229
16
390.243
16
395.252
16
400.256
16
405.259
16
410.263
16
415.268
17
420.276
18
425.286
19
430.29
19
435.294
18
440.302
19
445.311
20
450.315
21
455.319
21
460.328
21
465.332
21
470.336
22
475.345
21
480.354
21
485.358
20
490.361
20
495.365
20
500.369
20
505.373
20
510.382
20
515.386
20
520.39
21
525.394
22
530.408
23
535.417
23
540.421
23
545.425
23
550.429
22
555.438
21
560.446
22
565.455
23
570.465
24
575.469
24
580.473
23
585.482
23
590.491
24
595.51
24
600.519
24
605.529
23
610.538
23
615.552
23
620.555
23
625.564
23
630.568
24
635.573
25
640.582
26
645.591
26
650.6
25
655.604
24
660.608
24
665.612
25
670.616
26
675.62
25
680.624
25
685.628
25
690.637
25
695.641
25
700.649
25
705.659
25
710.662
25
715.666
25
720.67
25
725.679
25
730.688
25
735.702
25
740.711
25
745.715
25
750.724
25
755.728
25
760.732
26
765.736
27
770.74
28
775.749
29
780.758
29
785.767
28
790.771
27
795.82
27
800.824
27
805.828
27
810.831
27
815.84
27
820.844
27
825.854
27
830.857
27
835.862
27
840.866
27
845.87
27
850.874
27
855.878
27
860.882
27
865.886
27
870.89
27
875.894
26
880.903
26
885.917
26
890.925
26
895.934
26
