5.00502
33.3333
10.0051
33.3333
15.0102
33
20.0102
33.3333
25.0152
33.3333
30.0202
33
35.0299
32.6667
40.0344
33
45.0389
33
50.0384
33.3333
55.0378
33
60.0423
33
65.042
33
70.0425
33
75.048
33.3333
80.0585
32.6667
85.0639
32.6667
90.064
33
95.069
32.6667
100.074
33.3333
105.08
33
110.08
33
115.08
32.6667
120.086
33
125.086
33.3333
130.085
31.6667
135.239
31.6667
140.243
31.6667
145.246
31.3333
150.25
31.6667
155.249
31.6667
160.248
32
165.246
31
170.25
31
175.248
30
180.252
30.3333
185.25
30.3333
190.249
30.3333
195.247
29.3333
200.246
29.6667
205.245
29.6667
210.248
30
215.257
29.6667
220.261
30
225.265
30
230.264
29.6667
