5.00001
0
10.0001
0
15.0052
0
20.0102
0
25.0103
0.4
30.0153
0.4
35.0199
5.73333
40.0193
7.98333
45.0238
12.0549
50.0282
13.8645
55.0276
14.0907
60.0271
20.2117
65.0319
20.2117
70.0425
20.2117
75.0482
20.2117
80.0489
20.2117
85.0495
20.2117
90.0501
20.2117
95.1807
20.2117
100.186
20.2117
105.192
20.2117
110.198
20.2117
115.208
20.2117
120.209
20.2117
125.209
20.2117
130.214
20.2117
135.212
20.2117
140.21
20.2117
145.214
20.2117
150.217
24.2965
155.215
25.3177
160.219
25.3177
165.217
25.3177
170.22
25.3177
175.219
25.3177
180.222
25.3177
185.22
25.3177
190.223
25.3177
195.227
25.3177
200.23
25.3177
205.228
25.3177
210.232
25.3177
215.23
27.8094
220.233
28.2042
225.232
30.6208
230.23
35.6043
235.233
36.1857
240.231
36.1857
245.23
36.1857
250.233
36.1857
255.231
36.1857
260.24
36.1857
265.244
36.1857
270.252
40.8821
275.257
46.1656
280.261
49.1008
285.27
52.0361
290.274
55.5584
295.278
56.1454
300.287
56.1454
305.291
56.1454
310.295
56.1454
315.304
56.1454
320.312
56.1454
325.321
56.1454
330.33
60.8419
335.334
61.4289
340.343
64.3642
345.346
65.8259
350.355
65.8259
355.364
66.1183
360.368
70.9518
365.372
70.9518
370.381
70.9518
375.389
70.9518
380.393
70.9518
385.427
70.9518
390.431
70.9518
395.44
70.9518
400.449
70.9518
405.457
70.9518
410.462
70.9518
415.465
71.701
420.469
72.2437
425.478
72.7044
430.612
77.0049
435.616
80.0766
440.619
80.2907
445.623
80.2907
450.632
80.2907
455.641
80.2907
460.645
80.2907
465.649
80.2907
470.653
80.2907
475.662
80.2907
480.666
80.2907
485.675
80.2907
490.679
80.2907
495.687
80.2907
500.826
80.2907
505.83
80.2907
510.833
80.2907
515.837
80.2907
520.956
80.2907
525.96
88.572
530.969
91.5834
535.973
92.1204
540.977
99.4537
545.985
106.777
550.994
112.777
556.002
120.306
561.021
120.306
566.025
120.306
571.029
120.306
576.039
120.306
581.042
120.306
586.046
120.306
591.05
125.692
596.059
131.891
601.068
132.666
606.077
134.013
611.091
134.013
616.25
134.013
621.324
134.013
626.333
134.013
631.337
134.013
636.341
140.479
641.345
140.479
646.353
141.853
651.362
148.361
656.371
154.541
661.375
154.541
666.378
154.541
671.386
161.951
676.39
161.951
681.394
163.598
686.403
163.598
691.412
163.598
696.421
163.598
701.425
168.538
706.434
168.538
711.437
168.538
716.44
168.538
721.449
168.538
726.453
168.538
731.457
168.538
736.466
168.538
741.47
168.538
746.478
168.538
751.487
168.538
756.496
168.538
761.5
168.768
766.504
169.472
771.508
169.472
776.517
169.472
781.526
173.059
786.53
174.814
791.533
174.814
796.537
174.814
801.546
178.401
806.555
186.293
811.559
186.293
816.563
186.293
821.567
186.293
826.571
194.103
831.575
194.103
836.579
194.103
841.582
194.103
846.591
194.103
851.595
194.103
856.604
194.103
861.608
194.103
866.612
194.103
871.621
194.103
876.625
197.766
881.633
201.428
886.642
202.893
891.646
204.811
896.66
210.564
901.664
218.621
906.668
222.283
911.676
222.283
916.88
222.283
921.884
222.283
926.893
222.283
931.896
222.283
936.9
222.283
941.904
222.283
946.908
222.283
951.916
222.283
956.92
222.283
961.934
222.283
966.948
222.283
971.957
222.283
976.961
228.041
981.965
228.5
986.969
233.89
991.972
234.87
996.981
238.22
1001.99
238.465
1006.99
244.848
1012
244.848
1017.01
244.848
1022.01
244.848
1027.01
244.848
1032.02
244.848
1037.02
244.848
1042.03
244.848
1047.04
244.848
1052.11
244.848
1057.12
244.848
1062.13
246.819
1067.13
252.732
1072.14
257.331
1077.15
257.331
1082.16
257.331
1087.17
257.331
1092.17
257.331
1097.18
257.331
1102.2
257.331
1107.21
257.331
1112.4
257.331
1117.22
257.331
1122.23
257.331
1127.24
258.704
1132.43
258.704
1137.25
258.704
1142.26
258.704
1147.26
258.704
1152.27
258.704
1157.49
258.704
1162.5
261.128
1167.5
263.832
1172.51
268.565
1177.51
268.565
1182.52
268.565
1187.53
268.565
1192.53
268.565
1197.77
269.945
1202.77
269.945
1207.78
273.395
1212.79
273.395
1217.8
273.395
1222.8
273.395
1227.81
273.395
1232.81
273.395
1237.82
273.395
1242.82
273.395
1247.83
273.395
1252.83
273.395
1258.09
273.395
1262.85
273.395
1267.86
273.395
1273.02
273.395
1278.02
273.395
1283.03
275.417
1288.04
275.81
1293.04
275.81
1298.22
275.81
1303.22
275.81
1308.23
275.81
1313.24
282.353
1318.26
289.766
1323.27
289.766
1328.28
293.135
1333.28
293.135
1338.29
299.201
1343.29
301.481
1348.3
301.481
1353.31
301.481
1358.31
301.481
1363.32
301.481
1368.32
301.481
1373.33
301.481
1378.34
304.851
1383.35
309.824
1388.35
310.368
1393.36
312.578
1398.36
312.744
1403.37
313.057
1408.38
314.162
1413.39
314.162
1418.4
314.427
1423.41
317.19
1428.42
317.19
1433.42
317.19
1438.47
317.19
1443.48
317.19
1448.48
317.19
1453.49
317.19
1458.5
317.19
1463.51
317.19
1468.52
317.19
1473.53
317.19
1478.53
317.19
1483.54
324.979
1488.54
325.687
1493.55
329.227
1498.55
330.643
1503.56
331.935
1508.57
339.016
1513.57
339.016
1518.58
341.131
1523.59
341.131
1528.59
341.131
1533.6
341.131
1538.6
341.131
1543.61
341.131
1548.62
341.131
1553.62
341.131
1558.63
341.131
1563.63
341.131
1568.64
341.131
1573.64
344.064
1578.64
350.026
1583.65
355.809
1588.66
363.037
1593.67
368.097
1598.68
374.551
1603.69
378.165
1608.7
380.333
1613.7
380.333
1618.71
380.333
1623.72
387.5
1628.72
387.5
1633.73
387.5
1638.74
387.5
1643.74
387.5
1648.74
387.5
1653.75
387.5
1658.76
387.5
1663.76
387.5
1668.77
392.847
1673.96
397.525
1678.96
397.525
1683.98
397.525
1688.99
397.525
1693.99
397.525
1699
397.525
1704
401.905
1709.01
406.345
1714.02
406.345
1719.02
406.345
1724.03
406.345
1729.03
406.345
1734.03
406.345
1739.04
406.345
1744.04
406.345
1749.05
406.345
1754.05
406.345
1759.06
406.345
1764.06
410.838
1769.06
411.195
1774.07
416.382
1779.08
416.382
1784.08
416.382
1789.08
416.382
1794.09
416.382
1799.09
416.382
1804.1
416.382
1809.1
416.382
1814.1
416.382
1819.11
416.382
1824.12
416.382
1829.12
416.382
1834.13
416.382
1839.25
416.382
1844.26
420.959
1849.27
423.776
1854.28
427.046
1859.28
430.969
1864.29
430.969
1869.3
430.969
1874.31
430.969
1879.32
430.969
1884.33
430.969
1889.33
430.969
1894.34
430.969
1899.34
430.969
1904.34
430.969
1909.35
431.337
1914.36
431.337
1919.36
431.337
1924.38
431.337
1929.53
431.337
1934.54
431.337
1939.54
431.337
1944.55
431.337
1949.56
431.337
1954.56
431.337
1959.57
431.337
1964.58
431.337
1969.59
431.337
1974.6
431.83
1979.61
432.384
1984.61
435.201
1989.61
435.201
1994.62
435.201
1999.62
435.201
2004.63
435.201
2009.64
435.201
2014.64
435.201
2019.65
435.201
2024.65
435.201
2029.66
439.144
2034.67
439.379
2039.67
439.634
2044.67
444.385
2049.68
448.609
2054.68
454.416
2059.68
459.168
2064.68
459.168
2069.68
459.168
2074.68
459.168
2079.68
460.466
2084.67
460.672
2089.67
463.919
2094.67
465.604
2099.66
468.07
2104.67
468.676
2109.66
472.573
2114.66
472.573
2119.67
472.573
2124.67
472.573
2129.67
472.573
2134.67
472.573
2139.66
472.573
2144.67
472.573
2149.74
472.573
2154.74
472.573
2159.74
472.573
2164.74
474.569
2169.74
477.232
2174.74
478.229
2179.74
478.229
2184.74
478.229
2189.74
478.229
2194.73
478.229
2199.73
478.229
2204.73
478.229
2209.73
478.229
2214.73
478.229
2219.73
478.229
2224.73
478.229
2229.73
478.877
2234.73
479.549
2239.74
480.131
2244.73
486.172
2249.73
486.803
2254.73
488.817
2259.72
493.377
2264.72
493.377
2269.72
493.377
2274.72
493.377
2279.72
493.377
2284.72
493.377
2289.72
493.377
2294.71
493.377
2299.72
493.377
2304.72
493.377
2309.71
493.377
2314.72
494.06
2319.71
494.663
2324.71
500.806
2329.71
500.806
2334.71
510.042
2339.7
516.992
2344.7
516.992
2349.7
516.992
2354.69
516.992
2359.69
516.992
2364.7
516.992
2369.7
516.992
2374.7
516.992
2379.69
516.992
2384.69
516.992
2389.69
516.992
2394.69
516.992
2399.68
516.992
2404.68
516.992
2409.81
516.992
2414.82
519.087
2419.82
519.087
2424.83
519.087
2429.82
519.087
2434.82
521.182
2439.82
521.182
2444.81
521.182
2449.81
525.372
2454.81
525.372
2459.81
525.372
2464.81
526.057
2469.81
526.057
2474.81
528.141
2479.8
531.613
2484.8
537.168
2489.8
537.168
2494.8
537.168
2499.8
541.334
2504.8
541.334
2509.8
541.334
2514.8
548.726
2519.8
553.34
2524.8
553.34
2529.8
553.779
2534.8
556.086
2539.8
558.864
2544.81
558.864
2549.8
558.864
2554.8
558.864
2559.8
558.864
2564.8
558.864
2570.01
558.864
2575.01
558.864
2580.02
558.864
2585.02
558.864
2590.02
558.864
2595.01
558.864
2600.01
558.864
2605.01
558.864
2610.01
564.558
2615.01
564.558
2620.01
564.558
2625.01
564.558
2630.01
564.558
2635.01
564.558
2640.01
564.558
2645
564.558
2650
564.558
2655
564.558
2660
564.558
2665
564.558
2670.01
564.558
2675
564.558
2680.01
566.878
2685.01
570.394
2690.01
570.394
2695.01
576.194
2700.01
576.194
2705.01
576.194
2710
576.194
2715
578.514
2720
581.414
2724.99
585.635
2729.99
585.635
2734.99
585.635
2739.99
585.635
2744.99
585.635
2749.99
585.635
2754.98
586.266
2759.97
590.557
2764.97
590.557
2769.97
590.557
2774.97
598.349
2780.16
598.349
2785.17
598.349
2790.17
598.349
2795.18
598.349
2800.18
598.349
2805.18
598.349
2810.18
598.349
2815.18
598.349
2820.18
598.349
2825.18
603.337
2830.18
603.337
2835.18
609.753
2840.18
614.741
2845.18
614.741
2850.37
614.741
2855.37
614.741
2860.36
614.741
2865.37
614.741
2870.36
614.741
2875.36
614.741
2880.36
617.591
2885.36
619.322
2890.36
619.9
2895.36
622.208
2900.35
625.094
2905.36
627.402
2910.35
627.835
2915.36
629.278
2920.36
629.278
2925.36
629.278
2930.36
629.278
2935.36
629.278
2940.37
629.278
2945.37
629.278
2950.39
629.278
2955.39
629.278
2960.38
629.278
2965.38
629.278
2970.38
634.295
2975.38
634.295
2980.38
636.662
2985.38
637.352
2990.5
643.267
2995.51
643.871
3000.5
646.09
3005.5
647.569
3010.5
647.569
3015.5
647.569
3020.5
649.048
3025.5
649.507
3030.5
653.449
3035.5
653.449
3040.5
653.449
3045.5
653.449
3050.5
653.449
3055.5
653.449
3060.5
656.999
3065.5
656.999
3070.5
656.999
3075.49
656.999
3080.49
656.999
3085.49
656.999
3090.49
656.999
3095.5
656.999
3100.49
656.999
3105.5
656.999
3110.5
662.354
3115.49
662.354
3120.5
662.354
3125.49
662.354
3130.49
662.354
3135.49
662.354
3140.49
662.354
3145.49
662.354
3150.63
662.354
3155.64
662.354
3160.63
662.354
3165.63
662.354
3170.63
662.354
3175.63
669.815
3180.63
672.053
3185.62
672.053
3190.62
672.053
3195.62
673.493
3200.61
673.493
3205.61
674.105
3210.62
675.329
3215.62
675.329
3220.61
675.329
3225.61
675.329
3230.61
675.329
3235.61
675.329
3240.61
675.329
3245.61
675.329
3250.61
675.329
3255.6
675.329
3260.61
675.329
3265.61
675.609
3270.61
678.969
3275.83
680.188
3280.83
680.188
3285.83
680.188
3290.82
680.188
3295.82
686.733
3300.82
686.733
3305.82
686.733
3310.82
686.733
3315.82
686.733
3320.82
686.733
3325.82
686.733
3330.82
686.733
3336.04
686.733
3341.04
686.733
3346.04
686.733
3351.03
686.733
3356.04
687.28
3361.04
687.28
3366.04
691.531
3371.14
695.782
3376.13
701.247
3381.13
701.247
3386.13
701.247
3391.13
701.247
3396.13
701.247
3401.14
701.247
3406.13
701.247
3411.14
701.247
3416.13
701.247
3421.27
705.56
3426.27
710.789
3431.27
710.789
3436.27
716.84
3441.27
723.495
3446.27
725.409
3451.27
730.249
3456.27
732.163
3461.26
737.003
3466.26
737.003
3471.26
737.003
3476.25
737.003
3481.25
737.003
3486.25
737.003
3491.24
737.003
3496.25
737.003
3501.24
737.003
3506.53
737.003
3511.25
737.003
3516.26
737.003
3521.26
737.003
3526.26
737.003
3531.26
737.003
3536.26
737.514
3541.27
737.994
3546.27
738.351
3551.26
738.663
3556.26
745.402
3561.26
745.81
3566.26
749.39
3571.33
749.39
3576.33
749.39
3581.32
749.39
3586.32
749.39
3591.32
749.39
3596.32
749.39
3601.33
749.39
3606.33
749.39
3611.33
749.39
3616.33
751.642
3621.33
755.222
3626.33
761.979
3631.34
761.979
3636.33
761.979
3641.33
761.979
3646.33
761.979
3651.33
761.979
3656.36
761.979
3661.35
761.979
3666.35
761.979
3671.35
761.979
3676.35
761.979
3681.35
761.979
3686.35
761.979
3691.35
761.979
3696.35
761.979
3701.35
767.963
3706.35
767.963
3711.34
767.963
3716.34
770.954
3721.34
771.266
3726.34
778.746
3731.41
778.746
3736.41
778.746
3741.41
778.746
3746.41
778.746
3751.41
778.746
3756.41
778.746
3761.41
778.746
3766.41
778.746
3771.42
782.704
3776.41
782.704
3781.53
783.449
3786.53
788.209
3791.52
791.19
3796.63
798.642
3801.62
802.807
3806.63
805.787
3811.63
805.787
3816.62
808.167
3821.63
808.565
3826.62
816.762
3831.62
816.762
3836.62
816.762
3841.62
816.762
3846.62
816.762
3851.62
816.762
3856.62
816.762
3861.62
816.762
3866.62
816.762
3871.62
816.762
3876.62
816.762
3881.62
819.955
3886.62
823.805
3891.62
824.446
3896.61
828.476
3901.61
832.086
3906.61
832.657
3911.61
832.657
3916.61
840.357
3921.6
841.896
3926.6
841.896
3931.69
841.896
3936.69
846.71
3941.68
854.098
3946.68
854.7
3951.72
855.2
3956.72
861.917
3961.72
861.917
3966.73
865.767
3971.72
865.767
3976.73
867.088
3981.73
867.312
3986.73
867.312
3991.73
867.312
3996.72
867.312
4001.73
867.312
4006.73
867.312
4011.72
871.1
4016.72
871.1
4021.72
871.472
4026.72
871.472
4031.72
871.472
4036.72
871.472
4041.71
871.472
4046.72
871.472
4051.72
871.472
4056.72
871.472
4061.72
871.472
4066.72
871.472
4071.72
871.472
4076.72
871.472
4081.73
871.472
4086.73
871.766
4091.72
874.334
4096.71
874.719
4101.64
876.003
4106.58
876.003
4111.5
879.363
4116.45
879.363
4121.38
879.363
4126.31
879.363
4131.27
879.363
4136.22
880.682
4141.17
880.682
4146.1
886.51
4151.02
887.071
4155.96
894.193
4160.9
894.614
4165.84
894.614
4170.94
894.614
4175.87
894.614
4180.81
894.614
4185.76
894.614
4190.69
894.614
4195.63
894.614
4200.56
894.614
4205.49
894.614
4210.41
894.614
4215.35
894.614
4220.29
894.614
4225.23
894.614
4230.16
897.247
4235.08
903.831
4240.03
904.05
4244.96
908.658
4249.89
909.975
4254.82
909.975
4259.75
909.975
4264.68
910.535
4269.62
912.51
4274.54
919.751
4279.5
919.751
4284.43
919.751
4289.36
919.751
4294.29
919.751
4299.23
919.751
4304.17
919.751
4309.1
919.751
4314.04
919.751
4318.98
920.891
4323.91
920.891
4328.85
920.891
4333.78
920.891
4338.71
920.891
4343.64
921.404
4348.58
921.974
4353.51
924.674
4358.43
927.373
4363.37
927.373
4368.31
927.373
4373.23
927.373
4378.16
930.776
4383.1
936.901
4388.03
940.985
4392.96
948.472
4397.91
948.472
4402.85
951.912
4407.79
951.912
4412.72
953.273
4417.65
957.357
4422.59
957.357
4427.52
958.037
4432.44
959.398
4437.38
959.398
4442.35
959.398
4447.29
959.398
4452.31
959.398
4457.25
959.398
4462.33
964.843
4467.3
972.33
4472.42
972.33
4477.34
972.33
4482.27
972.33
4487.23
972.33
4492.16
972.33
4497.1
974.19
4502.03
977.579
4506.96
979.904
4512.1
979.904
4517.03
979.904
4521.97
979.904
4526.9
979.904
4531.83
979.904
4536.76
979.904
4541.69
979.904
4546.62
979.904
4551.56
979.904
4556.5
979.904
4561.43
980.35
4566.38
980.35
4571.31
985.583
4576.24
990.815
4581.17
995.045
4586.12
995.045
4591.05
998.335
4595.98
998.586
4600.91
1003.24
4605.85
1003.56
4610.78
1003.56
4615.7
1003.56
4620.64
1003.56
4625.58
1003.56
4630.51
1003.56
4635.45
1003.56
4640.39
1003.56
4645.32
1003.56
4650.25
1003.56
4655.18
1003.56
4660.11
1005.95
4665.05
1007.15
4669.99
1009.54
4674.92
1009.54
4679.85
1009.54
4684.79
1009.54
4689.71
1009.54
4694.65
1009.54
4699.59
1009.54
4704.51
1009.54
4709.58
1009.54
4714.5
1009.54
4719.45
1009.54
4724.38
1009.54
4729.3
1009.54
4734.24
1009.54
4739.17
1009.54
4744.1
1009.54
4749.03
1009.54
4753.96
1009.54
4758.89
1009.54
4763.82
1009.77
4768.76
1014.7
4773.7
1017.11
4778.65
1018.96
4783.59
1018.96
4788.52
1018.96
4793.46
1018.96
4798.39
1018.96
4803.32
1018.96
4808.24
1025.11
4813.37
1026.56
4818.3
1026.56
4823.25
1026.56
4828.19
1029.69
4833.13
1032.37
4838.07
1033.9
4843.01
1034.41
4847.94
1034.85
4852.87
1040.48
4857.79
1040.48
4862.73
1040.48
4867.96
1040.48
4872.59
1040.48
4877.52
1040.48
4882.44
1040.48
4887.37
1040.48
4892.31
1040.48
4897.24
1041.03
4902.18
1041.03
4907.11
1044.19
4912.2
1044.51
4917.13
1044.77
4922.06
1044.77
4926.99
1044.77
4931.92
1044.77
4936.84
1044.77
4941.76
1044.77
4946.69
1044.77
4951.62
1044.77
4956.56
1044.77
4961.5
1044.77
4966.44
1044.77
4971.4
1046.45
4976.34
1050.39
4981.27
1050.54
4986.21
1051.03
4991.13
1051.34
4996.06
1053.16
5001
1056.39
5005.94
1056.39
5010.87
1056.39
5015.8
1056.39
5020.73
1056.39
5025.66
1056.39
5030.59
1056.39
5035.52
1056.39
5040.45
1056.39
5045.38
1056.39
5050.32
1056.39
5055.27
1058.38
5060.2
1065.7
5065.15
1065.7
5070.09
1065.7
5075.03
1070.3
5079.96
1071.96
5084.89
1078.04
5089.82
1078.47
5094.76
1083.99
5099.69
1089.52
5104.62
1089.52
5109.56
1089.52
5114.5
1089.52
5119.43
1089.52
5124.36
1089.52
5129.29
1089.52
5134.22
1089.52
5139.16
1089.52
5144.08
1089.52
5149.02
1089.52
5153.95
1089.52
5158.88
1089.52
5163.81
1094.21
5168.74
1100.51
5173.67
1101.09
5178.6
1103.38
5183.53
1107.97
5188.47
1108.38
5193.41
1110.1
5198.34
1111.25
5203.29
1111.25
5208.23
1111.25
5213.16
1111.25
5218.09
1111.25
5223.23
1111.25
5228.17
1111.25
5233.11
1111.25
5238.03
1111.25
5243.08
1111.25
5248.07
1111.25
5253
1111.25
5257.92
1111.25
5262.85
1111.25
5267.78
1111.25
5272.71
1111.25
5277.65
1111.25
5282.58
1111.25
5287.52
1111.25
5292.46
1116.23
5297.39
1119.71
5302.31
1119.71
5307.24
1119.71
5312.17
1119.71
5317.1
1119.71
5322.04
1120.32
5326.96
1122.71
5331.9
1122.71
5336.85
1122.71
5341.84
1122.71
5346.78
1122.71
5351.72
1127.49
5356.67
1130.53
5361.61
1131.74
5366.54
1131.74
5371.48
1131.74
5376.41
1131.74
5381.33
1136.74
5386.27
1142.37
5391.2
1147.22
5396.13
1147.71
5401.07
1147.71
5406.09
1147.71
5411.01
1147.71
5415.95
1147.71
5420.89
1147.71
5425.82
1147.71
5430.75
1147.71
5435.84
1147.71
5440.77
1147.71
5445.7
1147.71
5450.64
1147.71
5455.56
1149
5460.49
1153.5
5465.42
1157.91
5470.36
1163.7
5475.29
1166.91
5480.23
1166.91
5485.16
1166.91
5490.1
1166.91
5495.04
1166.91
5499.98
1166.91
5504.93
1166.91
5509.86
1166.91
5514.79
1166.91
5519.72
1166.91
5524.66
1166.91
5529.6
1166.91
5534.55
1166.91
5539.48
1167.58
5544.42
1172.87
5549.35
1172.87
5554.28
1172.87
5559.22
1172.87
5564.15
1172.87
5569.09
1172.87
5574.02
1172.87
5578.95
1172.87
5583.89
1172.87
5588.82
1172.87
5593.74
1172.87
5598.67
1178.96
5603.61
1184.1
5608.63
1184.1
5613.57
1184.1
5618.52
1184.1
5623.44
1184.1
5628.38
1184.1
5633.45
1184.42
5638.39
1184.42
5643.33
1184.42
5648.26
1190.84
5653.2
1190.84
5658.13
1190.84
5663.29
1190.84
5668.23
1190.84
5673.17
1192.5
5678.11
1197.49
5683.04
1201.93
5687.97
1202.39
5692.9
1202.78
5697.83
1202.78
5702.77
1202.78
5707.7
1202.78
5712.64
1202.78
5717.58
1202.78
5722.52
1202.78
5727.45
1202.78
5732.38
1202.78
5737.3
1202.78
5742.23
1202.78
5747.16
1204.49
5752.09
1210.17
5757.02
1214.72
5761.96
1214.72
5767.08
1214.72
5772
1214.72
5776.94
1214.72
5781.87
1214.72
5786.81
1214.72
5791.74
1214.72
5796.68
1214.72
5801.61
1214.72
5806.72
1214.72
5811.66
1214.72
5816.58
1219.36
5821.52
1223.4
5826.46
1229.18
5831.4
1232.64
5836.36
1236.68
5841.3
1236.88
5846.23
1236.88
5851.18
1236.88
5856.14
1236.88
5861.07
1237.53
5866.02
1240.42
5870.94
1243.3
5875.88
1245.47
5880.82
1251.34
5885.76
1251.34
5890.69
1251.34
5895.62
1253.8
5900.57
1258.74
5905.51
1258.74
5910.45
1258.74
5915.58
1258.74
5920.51
1258.74
5925.45
1265.33
5930.39
1268.33
5935.31
1270.72
5940.23
1270.72
5945.17
1276.72
5950.11
1280.91
5955.05
1281.1
5959.99
1281.1
5964.91
1281.1
5969.85
1281.1
5974.79
1281.1
5979.79
1281.1
5984.73
1281.1
5989.67
1281.1
5994.6
1281.1
5999.54
1281.1
6004.47
1281.59
6009.4
1281.59
6014.34
1285.94
6019.27
1285.94
6024.2
1287.87
6029.16
1292.85
6034.14
1293.12
6039.08
1296.23
6044.01
1296.23
6048.94
1296.23
6053.87
1296.23
6058.8
1296.23
6063.74
1296.23
6068.72
1296.23
6073.65
1297.51
6078.58
1303.91
6083.51
1307.26
6088.44
1307.9
6093.37
1307.9
6098.33
1307.9
6103.27
1307.9
6108.21
1307.9
6113.15
1310.62
6118.08
1316.06
6123.01
1316.06
6127.94
1316.06
6132.88
1321.14
6137.83
1321.14
6142.76
1327.73
6147.7
1331.21
6152.64
1336.47
6157.57
1336.47
6162.5
1336.47
6167.43
1336.47
6172.36
1336.47
6177.29
1336.47
6182.22
1336.47
6187.16
1336.47
6192.09
1339.92
6197.02
1339.92
6201.96
1339.92
6206.89
1339.92
6212
1339.92
6216.93
1339.92
6221.86
1339.92
6226.79
1339.92
6231.72
1339.92
6236.66
1339.92
6241.61
1339.92
6246.55
1339.92
6251.48
1339.92
6256.41
1342.15
6261.36
1343.27
6266.3
1345.59
6271.23
1345.85
6276.17
1352.04
6281.09
1354.85
6286.02
1355.42
6290.95
1355.42
6295.89
1355.42
6300.82
1355.42
6305.76
1355.42
6310.7
1355.42
6315.63
1355.42
6320.56
1355.42
6325.49
1355.42
6330.42
1355.42
6335.36
1358.89
6340.37
1358.89
6345.3
1358.89
6350.22
1358.89
6355.15
1363.13
6360.09
1363.38
6365.02
1366.91
6369.96
1366.91
6374.89
1366.91
6379.83
1366.91
6384.76
1366.91
6389.69
1366.91
6394.63
1366.91
6399.55
1368.7
6404.71
1368.7
6409.64
1372.22
6414.57
1372.22
6419.52
1376.91
6424.44
1379.84
6429.39
1383.36
6434.32
1385.12
6439.25
1385.12
6444.18
1385.12
6449.13
1385.12
6454.06
1385.12
6458.99
1385.12
6463.92
1385.12
6468.86
1385.12
6473.79
1385.12
6478.72
1385.12
6483.82
1385.12
6488.75
1385.12
6493.7
1386.33
6498.64
1386.33
6503.57
1386.33
6508.51
1391.15
6513.45
1397.19
6518.38
1397.57
6523.31
1401.88
6528.26
1404.89
6533.19
1406.33
6538.13
1406.33
6543.1
1406.33
6548.04
1406.33
6552.98
1406.33
6557.92
1408.18
6562.85
1408.63
6567.78
1408.78
6572.71
1414.94
6577.65
1415.48
6582.57
1415.96
6587.69
1415.96
6592.61
1415.96
6597.56
1415.96
6602.49
1416.18
6607.42
1416.9
6612.35
1425.37
6617.28
1426.57
6622.21
1426.8
6627.15
1430.65
6632.08
1430.91
6637.01
1430.91
6641.95
1430.91
6646.88
1430.91
6651.88
1430.91
6656.95
1430.91
6661.88
1430.91
6666.81
1430.91
6671.75
1430.91
6676.68
1430.91
6681.63
1430.91
6686.55
1430.91
6691.49
1430.91
6696.42
1430.91
6701.35
1432.5
6706.28
1433.72
6711.22
1434.38
6716.15
1437.21
6721.09
1441.68
6726.12
1442.34
6731.06
1444.04
6735.99
1444.04
6740.92
1444.04
6745.86
1444.04
6750.79
1444.04
6755.73
1444.04
6760.65
1444.04
6765.59
1444.04
6770.53
1444.04
6775.46
1444.04
6780.4
1444.04
6785.35
1450.79
6790.28
1451.4
6795.21
1453.43
6800.15
1453.43
6805.09
1453.43
6810.02
1453.43
6814.96
1453.43
6819.9
1453.43
6824.83
1453.43
6829.87
1453.43
6834.8
1453.43
6839.73
1453.43
6844.67
1453.43
6849.6
1453.43
6854.55
1458.27
6859.48
1458.53
6864.42
1460.54
6869.35
1460.94
6874.29
1460.94
6879.22
1460.94
6884.16
1467.82
6889.1
1471.95
6894.02
1472.64
6898.96
1472.64
6903.89
1472.64
6908.82
1472.64
6913.75
1472.64
6918.69
1472.64
6923.63
1472.64
6928.58
1472.64
6933.51
1474.77
6938.45
1475.93
6943.39
1475.93
6948.33
1475.93
6953.27
1475.93
6958.19
1475.93
6963.13
1475.93
6968.07
1477.89
6973.03
1477.89
6977.98
1478.26
6982.92
1478.26
6987.86
1478.26
6992.79
1478.26
6997.73
1478.26
7002.68
1478.26
7007.62
1478.26
7012.55
1479.43
7017.49
1485.89
7022.53
1488.04
7027.47
1488.04
7032.4
1495.2
7037.33
1495.7
7042.26
1495.87
7047.2
1495.87
7052.13
1495.87
7057.11
1495.87
7062.04
1495.87
7066.97
1495.87
7071.9
1495.87
7076.84
1495.87
7081.77
1495.87
7086.72
1495.87
7091.64
1496.61
7096.59
1501.78
7101.52
1509.16
7106.45
1509.16
7111.39
1512.71
7116.33
1514.93
7121.26
1514.93
7126.2
1514.93
7131.14
1517.56
7136.07
1517.56
7141
1517.56
7145.94
1517.56
7150.93
1517.56
7155.86
1517.56
7160.79
1521.85
7165.73
1522
7170.66
1528.74
7175.62
1528.74
7180.55
1529.31
7185.53
1533.63
7190.47
1540.37
7195.4
1540.37
7200.33
1540.37
7205.27
1540.37
7210.2
1546.39
7215.13
1546.39
7220.08
1546.39
7225.01
1546.39
7229.96
1546.39
7234.88
1546.39
7239.83
1546.97
7244.89
1547.35
7249.82
1547.5
7254.76
1548.03
7259.71
1554.41
7264.64
1554.41
7269.59
1556.09
7274.52
1556.09
7279.46
1557.06
7284.39
1560.26
7289.33
1561.72
7294.27
1561.72
7299.21
1561.72
7304.14
1561.72
7309.08
1561.72
7314.02
1561.72
7318.94
1561.72
7323.89
1561.72
7328.91
1561.72
7333.84
1567.99
7338.82
1567.99
7343.76
1567.99
7348.7
1574.69
7353.63
1575.36
7358.56
1575.36
7363.67
1575.36
7368.6
1575.36
7373.54
1575.36
7378.48
1578.04
7383.41
1578.4
7388.34
1583.53
7393.27
1583.53
7398.2
1583.53
7403.14
1583.53
7408.07
1583.53
7413.02
1583.53
7417.95
1583.53
7422.88
1583.53
7427.82
1583.53
7432.75
1585.26
7437.68
1585.26
7442.61
1585.26
7447.55
1585.26
7452.48
1585.26
7457.42
1588.75
7462.36
1588.75
7467.3
1588.75
7472.25
1588.75
7477.31
1589.29
7482.25
1594.53
7487.19
1598.6
7492.12
1598.6
7497.05
1598.6
7501.99
1598.6
7506.92
1598.6
7511.85
1598.6
7516.78
1598.6
7521.72
1598.6
7526.66
1598.6
7531.59
1598.98
7536.52
1601.36
7541.45
1601.36
7546.39
1601.36
7551.33
1601.36
7556.27
1601.36
7561.21
1601.36
7566.14
1601.36
7571.07
1601.36
7576
1607.37
7580.93
1612.18
7585.87
1612.43
7590.81
1612.43
7595.75
1612.43
7600.68
1612.43
7605.62
1612.88
7610.56
1614.12
7615.5
1614.51
7620.42
1618.23
7625.37
1618.23
7630.3
1618.23
7635.23
1618.23
7640.15
1618.23
7645.09
1618.23
7650.03
1618.23
7654.95
1618.23
7659.88
1618.23
7664.8
1618.23
7669.74
1618.23
7674.68
1618.23
7679.63
1618.23
7684.62
1618.23
7689.57
1621.43
7694.52
1621.73
7699.48
1622.08
7704.41
1627.66
7709.36
1632.14
7714.32
1635.33
7719.26
1635.33
7724.22
1637.89
7729.16
1640.44
7734.14
1647.47
7739.08
1647.47
7744.03
1647.47
7748.97
1647.47
7753.93
1647.47
7758.88
1647.47
7763.82
1647.47
7768.77
1647.47
7773.72
1647.99
7778.67
1648.27
7783.61
1650.26
7788.57
1650.26
7793.6
1650.26
7798.55
1650.26
7803.49
1650.26
7808.44
1650.26
7813.38
1650.26
7818.32
1650.26
7823.26
1650.26
7828.21
1650.26
7833.15
1650.26
7838.1
1650.26
7843.05
1650.26
7848
1650.26
7852.94
1650.26
7857.89
1650.26
7862.84
1650.26
7867.79
1650.26
7872.73
1650.8
7877.67
1651.4
7882.61
1651.4
7887.55
1651.4
7892.5
1651.4
7897.45
1651.4
7902.4
1651.4
7907.34
1651.97
7912.29
1653.38
7917.25
1658.53
7922.19
1658.53
7927.13
1658.53
7932.07
1658.53
7937.01
1658.53
7941.96
1658.53
7946.9
1658.53
7951.84
1658.53
7956.78
1658.53
7961.72
1658.53
7966.66
1658.53
7971.61
1658.53
7976.56
1664.36
7981.5
1664.6
7986.46
1666.35
7991.4
1666.35
7996.35
1669.17
8001.31
1671.5
8006.25
1671.5
8011.2
1676.2
8016.14
1680.9
8021.09
1680.9
8026.03
1680.9
8030.97
1680.9
8035.91
1683.07
8040.86
1683.07
8045.81
1688.02
8050.77
1688.02
8055.87
1694.55
8060.83
1696.37
8065.82
1700.01
8070.78
1701.35
8075.72
1701.35
8080.67
1701.35
8085.64
1701.35
8090.6
1701.35
8095.55
1701.35
8100.51
1701.35
8105.49
1701.35
8110.45
1701.35
8115.41
1701.35
8120.36
1701.35
8125.32
1701.35
8130.3
1701.35
8135.27
1701.35
8140.22
1701.35
8145.17
1705.42
8150.11
1705.42
8155.09
1705.42
8160.05
1705.42
8165
1705.42
8169.98
1705.42
8174.94
1705.42
8179.89
1705.42
8184.87
1707.67
8189.82
1708.26
8194.76
1710.22
8199.67
1710.72
8204.59
1712.68
8209.5
1713.06
8214.43
1717.5
8219.36
1717.5
8224.27
1717.5
8229.2
1719.55
8234.11
1719.55
8239.01
1719.55
8243.93
1719.55
8248.85
1719.55
8253.77
1725.7
8258.68
1725.7
8263.59
1725.86
8268.5
1725.86
8273.42
1725.86
8278.34
1725.86
8283.25
1725.86
8288.16
1729.97
8293.08
1738.17
8297.99
1738.17
8302.9
1738.17
8307.83
1738.17
8312.74
1738.17
8317.66
1738.17
8322.56
1741.57
8327.47
1741.74
8332.38
1745.15
8337.29
1745.15
8342.22
1745.48
8347.13
1746.16
8352.05
1750.24
8356.98
1750.24
8361.9
1750.24
8366.8
1754.33
8371.72
1754.73
8376.62
1754.98
8381.55
1754.98
8386.46
1754.98
8391.38
1754.98
8396.3
1754.98
8401.21
1754.98
8406.12
1757.77
8411.03
1757.77
8415.94
1757.77
8420.87
1757.77
8425.78
1757.77
8430.88
1758.4
8435.78
1758.75
8440.7
1763.4
8445.62
1767.36
8450.53
1767.36
8455.44
1767.36
8460.36
1767.36
8465.28
1767.69
8470.2
1771.95
8475.11
1773.82
8480.03
1773.82
8484.94
1773.82
8489.85
1773.82
8494.77
1773.82
8499.69
1773.82
8504.6
1773.82
8509.51
1773.82
8514.43
1773.82
8519.34
1773.82
8524.25
1773.82
8529.16
1781.14
8534.06
1783.75
8538.98
1787.41
8543.9
1791.81
8548.81
1792.4
8553.72
1794.6
8558.68
1794.6
8563.59
1794.6
8568.51
1796.45
8573.42
1796.45
8578.33
1800.76
8583.26
1800.76
8588.17
1807.53
8593.08
1812.34
8598.01
1814.27
8602.93
1814.58
8607.89
1815.19
8612.81
1821.91
8617.72
1821.91
8622.63
1821.91
8627.57
1821.91
8632.48
1821.91
8637.39
1821.91
8642.3
1821.91
8647.39
1821.91
8652.31
1821.91
8657.22
1821.91
8662.14
1821.91
8667.05
1821.91
8671.95
1827.57
8676.87
1833.05
8681.78
1835.79
8686.69
1835.79
8691.61
1835.79
8696.52
1835.79
8701.43
1835.79
8706.34
1836.28
8711.25
1836.28
8716.17
1836.28
8721.08
1836.28
8726.01
1836.28
8730.93
1836.28
8735.86
1839.06
8740.78
1839.06
8745.69
1839.06
8750.61
1839.06
8755.53
1839.06
8760.63
1844.67
8765.54
1848.87
8770.45
1854.09
8775.36
1854.09
8780.27
1854.09
8785.18
1854.09
8790.1
1854.09
8795
1854.09
8799.93
1854.09
8804.84
1854.09
8809.76
1854.09
8814.66
1854.09
8819.57
1854.09
8824.5
1854.09
8829.4
1854.74
8834.33
1855.32
8839.24
1856.77
8844.15
1856.77
8849.08
1856.77
8854.01
1859.4
8859.01
1859.4
8863.92
1859.4
8868.84
1859.4
8873.75
1859.4
8878.66
1859.4
8883.56
1859.4
8888.47
1859.4
8893.38
1859.4
8898.3
1859.4
8903.22
1859.4
8908.15
1859.59
8913.07
1860.33
8917.99
1861.07
8922.9
1861.07
8927.99
1861.07
8932.72
1861.07
8937.65
1861.07
8942.56
1861.07
8947.48
1861.07
8952.39
1861.07
8957.31
1861.07
8962.22
1861.07
8967.14
1861.07
8972.05
1867.67
8976.97
1873.76
8981.89
1881.11
8986.8
1883.16
8991.72
1887.83
8996.65
1890.23
9001.56
1890.79
9006.47
1890.79
9011.38
1890.79
9016.3
1890.79
9021.21
1890.79
9026.13
1890.79
9031.06
1890.79
9035.97
1890.79
9040.89
1890.79
9045.79
1890.79
9050.71
1890.79
9055.63
1890.79
9060.55
1890.79
9065.48
1890.79
9070.39
1890.79
9075.3
1890.79
9080.21
1890.79
9085.12
1892.77
9090.03
1895.4
9094.96
1897.38
9099.86
1897.88
9104.78
1897.88
9109.69
1897.88
9114.6
1897.88
9119.53
1899.73
9124.45
1899.73
9129.38
1900.34
9134.31
1903.08
9139.22
1906.32
9144.13
1908.37
9149.04
1908.37
9153.96
1910.43
9158.89
1910.43
9163.8
1915.19
9168.71
1917.18
9173.63
1917.18
9178.55
1917.86
9183.48
1921.87
9188.4
1922.35
9193.33
1923.69
9198.25
1923.69
9203.16
1925.04
9208.08
1926.4
9213
1927.06
9217.91
1927.06
9222.83
1927.06
9227.74
1927.06
9232.65
1927.06
9237.57
1927.06
9242.5
1927.06
9247.41
1927.06
9252.32
1927.06
9257.23
1927.06
9262.15
1931.94
9267.05
1932.33
9271.97
1935.87
9276.87
1937.62
9281.79
1937.62
9286.72
1942.57
9291.63
1942.57
9296.54
1942.9
9301.46
1942.9
9306.37
1942.9
9311.3
1942.9
9316.21
1942.9
9321.12
1942.9
9326.03
1944.46
9330.95
1944.46
9335.88
1944.46
9340.79
1944.46
9345.7
1944.46
9350.61
1944.46
9355.52
1944.46
9360.43
1944.46
9365.53
1948.01
9370.44
1954.52
9375.36
1956.29
9380.28
1956.49
9385.19
1961.65
9390.1
1969.76
9395
1977.87
9399.92
1977.87
9404.82
1977.87
9409.74
1977.87
9414.65
1977.87
9419.58
1977.87
9424.5
1977.87
9429.42
1977.87
9434.34
1977.87
9439.25
1977.87
9444.17
1977.87
9449.08
1979.21
9453.99
1979.21
9458.91
1980.56
9463.83
1980.56
9468.76
1980.56
9473.67
1980.56
9478.58
1986.73
9483.49
1989.31
9488.41
1989.31
9493.32
1989.75
9498.24
1989.75
9503.15
1989.75
9508.07
1989.75
9512.99
1989.75
9518.15
1989.75
9523.07
1989.75
9528.02
1989.75
9532.94
1989.75
9537.85
1989.75
9542.76
1989.75
9547.66
1989.75
9552.58
1989.75
9557.5
1989.75
9562.42
1990.39
9567.33
1990.99
9572.24
1996.67
9577.16
2001.79
9582.12
2003.78
9587.03
2003.78
9591.94
2003.78
9596.86
2006.58
9601.77
2012.74
9606.69
2018.34
9611.59
2018.34
9616.51
2018.34
9621.43
2018.34
9626.34
2018.34
9631.25
2018.34
9636.17
2018.34
9641.08
2018.34
9645.99
2025.98
9650.9
2025.98
9655.82
2025.98
9660.74
2025.98
9665.65
2025.98
9670.56
2025.98
9675.48
2027.73
9680.4
2027.73
9685.3
2033.56
9690.21
2033.56
9695.12
2035.31
9700.04
2041.72
9704.95
2042.66
9709.88
2042.66
9714.8
2042.66
9719.72
2042.66
9724.64
2042.66
9729.55
2042.66
9734.47
2042.66
9739.39
2042.66
9744.3
2042.66
9749.22
2042.66
9754.13
2042.66
9759.04
2045.72
9763.95
2045.93
9768.87
2052.05
9773.79
2053.97
9778.71
2055.41
9783.63
2060.31
9788.54
2060.84
9793.44
2060.84
9798.37
2066.87
9803.29
2066.87
9808.22
2066.87
9813.12
2066.87
9818.05
2072.23
9822.99
2072.23
9827.91
2072.23
9832.84
2072.23
9837.81
2072.23
9842.74
2077.27
9847.68
2078.95
9852.64
2079.52
9857.55
2079.52
9862.49
2079.52
9867.46
2079.52
9872.44
2079.52
9879.1
2079.52
9887.33
2079.52
9893.88
2079.52
9900.22
2079.52
9918.7
2079.52
9934.02
2079.52
9944.79
2079.52
9968.61
2083.5
10000.6
2083.92
