5.00502
0
10.0051
0
15.0102
0
20.0102
0
25.0152
3.33333
30.0202
8.815
35.0299
13.2417
40.0344
17.8233
45.0389
21.3867
50.0384
23.423
55.0378
23.9321
60.0423
23.9321
65.042
30.2038
70.0425
30.2038
75.048
30.7264
80.0585
36.9981
85.0639
40.9179
90.064
40.9179
95.069
40.9179
100.074
40.9179
105.08
40.9179
110.08
40.9179
115.08
40.9179
120.086
40.9179
125.086
40.9179
130.085
40.9179
135.239
40.9179
140.243
40.9179
145.246
40.9179
150.25
40.9179
155.249
40.9179
160.248
40.9179
165.246
40.9179
170.25
43.3379
175.248
43.3379
180.252
44.9513
185.25
44.9513
190.249
44.9513
195.247
44.9513
200.246
44.9513
205.245
44.9513
210.248
45.7532
215.257
49.6156
220.261
58.4368
225.265
58.4368
230.264
58.4368
