5.00001
0
10.0001
0
15.0052
0
20.0102
0
25.0103
1
30.0153
1
35.0199
2
40.0193
3
45.0238
3
50.0282
4
55.0276
5
60.0271
6
65.0319
6
70.0425
5
75.0482
5
80.0489
5
85.0495
5
90.0501
5
95.1807
4
100.186
3
105.192
3
110.198
3
115.208
3
120.209
2
125.209
2
130.214
2
135.212
2
140.21
2
145.214
1
150.217
2
155.215
3
160.219
3
165.217
3
170.22
3
175.219
3
180.222
2
185.22
1
190.223
1
195.227
1
200.23
1
205.228
1
210.232
1
215.23
2
220.233
3
225.232
4
230.23
5
235.233
6
240.231
4
245.23
4
250.233
3
255.231
3
260.24
3
265.244
2
270.252
3
275.257
4
280.261
5
285.27
5
290.274
6
295.278
7
300.287
7
305.291
7
310.295
7
315.304
6
320.312
5
325.321
5
330.33
6
335.334
6
340.343
7
345.346
7
350.355
6
355.364
6
360.368
6
365.372
5
370.381
5
375.389
4
380.393
4
385.427
4
390.431
3
395.44
2
400.449
2
405.457
2
410.462
2
415.465
3
420.469
4
425.478
4
430.612
5
435.616
5
440.619
5
445.623
4
450.632
3
455.641
2
460.645
2
465.649
2
470.653
2
475.662
2
480.666
2
485.675
2
490.679
2
495.687
1
500.826
1
505.83
0
510.833
0
515.837
0
520.956
0
525.96
1
530.969
2
535.973
3
540.977
4
545.985
5
550.994
6
556.002
6
561.021
6
566.025
5
571.029
5
576.039
5
581.042
5
586.046
5
591.05
6
596.059
7
601.068
8
606.077
9
611.091
9
616.25
9
621.324
8
626.333
8
631.337
8
636.341
8
641.345
8
646.353
8
651.362
8
656.371
9
661.375
8
666.378
7
671.386
7
676.39
6
681.394
6
686.403
5
691.412
5
696.421
5
701.425
6
706.434
6
711.437
5
716.44
5
721.449
4
726.453
4
731.457
4
736.466
4
741.47
4
746.478
3
751.487
3
756.496
3
761.5
3
766.504
3
771.508
2
776.517
1
781.526
2
786.53
2
791.533
2
796.537
2
801.546
3
806.555
4
811.559
4
816.563
4
821.567
4
826.571
4
831.575
4
836.579
4
841.582
3
846.591
3
851.595
3
856.604
3
861.608
2
866.612
2
871.621
2
876.625
3
881.633
4
886.642
5
891.646
6
896.66
7
901.664
8
906.668
9
911.676
9
916.88
9
921.884
8
926.893
7
931.896
5
936.9
5
941.904
4
946.908
3
951.916
3
956.92
3
961.934
3
966.948
2
971.957
2
976.961
3
981.965
4
986.969
5
991.972
5
996.981
6
1001.99
6
1006.99
7
1012
7
1017.01
6
1022.01
5
1027.01
4
1032.02
4
1037.02
4
1042.03
4
1047.04
4
1052.11
4
1057.12
4
1062.13
5
1067.13
5
1072.14
6
1077.15
5
1082.16
5
1087.17
5
1092.17
5
1097.18
5
1102.2
4
1107.21
3
1112.4
2
1117.22
2
1122.23
2
1127.24
3
1132.43
3
1137.25
3
1142.26
3
1147.26
3
1152.27
1
1157.49
1
1162.5
2
1167.5
2
1172.51
3
1177.51
3
1182.52
3
1187.53
3
1192.53
3
1197.77
4
1202.77
4
1207.78
5
1212.79
3
1217.8
3
1222.8
3
1227.81
2
1232.81
2
1237.82
2
1242.82
2
1247.83
1
1252.83
1
1258.09
1
1262.85
0
1267.86
0
1273.02
0
1278.02
0
1283.03
1
1288.04
2
1293.04
2
1298.22
2
1303.22
1
1308.23
1
1313.24
2
1318.26
3
1323.27
2
1328.28
3
1333.28
3
1338.29
4
1343.29
5
1348.3
5
1353.31
5
1358.31
5
1363.32
5
1368.32
5
1373.33
5
1378.34
6
1383.35
7
1388.35
7
1393.36
8
1398.36
8
1403.37
9
1408.38
8
1413.39
8
1418.4
8
1423.41
9
1428.42
8
1433.42
6
1438.47
5
1443.48
2
1448.48
2
1453.49
2
1458.5
2
1463.51
2
1468.52
2
1473.53
1
1478.53
1
1483.54
1
1488.54
2
1493.55
3
1498.55
4
1503.56
5
1508.57
5
1513.57
5
1518.58
6
1523.59
6
1528.59
4
1533.6
4
1538.6
4
1543.61
4
1548.62
4
1553.62
3
1558.63
2
1563.63
2
1568.64
2
1573.64
3
1578.64
4
1583.65
5
1588.66
6
1593.67
7
1598.68
7
1603.69
8
1608.7
9
1613.7
8
1618.71
8
1623.72
9
1628.72
8
1633.73
8
1638.74
8
1643.74
7
1648.74
7
1653.75
7
1658.76
6
1663.76
6
1668.77
6
1673.96
6
1678.96
5
1683.98
5
1688.99
5
1693.99
5
1699
4
1704
5
1709.01
6
1714.02
6
1719.02
5
1724.03
5
1729.03
4
1734.03
4
1739.04
4
1744.04
4
1749.05
4
1754.05
4
1759.06
2
1764.06
3
1769.06
4
1774.07
5
1779.08
5
1784.08
4
1789.08
4
1794.09
3
1799.09
2
1804.1
2
1809.1
2
1814.1
2
1819.11
2
1824.12
2
1829.12
2
1834.13
2
1839.25
2
1844.26
3
1849.27
4
1854.28
5
1859.28
5
1864.29
4
1869.3
4
1874.31
4
1879.32
4
1884.33
4
1889.33
4
1894.34
4
1899.34
4
1904.34
4
1909.35
3
1914.36
3
1919.36
2
1924.38
1
1929.53
1
1934.54
0
1939.54
0
1944.55
0
1949.56
0
1954.56
0
1959.57
0
1964.58
0
1969.59
0
1974.6
1
1979.61
2
1984.61
3
1989.61
2
1994.62
2
1999.62
1
2004.63
1
2009.64
1
2014.64
1
2019.65
1
2024.65
1
2029.66
2
2034.67
3
2039.67
4
2044.67
5
2049.68
4
2054.68
4
2059.68
5
2064.68
5
2069.68
5
2074.68
5
2079.68
6
2084.67
7
2089.67
8
2094.67
9
2099.66
9
2104.67
9
2109.66
9
2114.66
9
2119.67
8
2124.67
8
2129.67
7
2134.67
7
2139.66
6
2144.67
5
2149.74
5
2154.74
4
2159.74
2
2164.74
3
2169.74
4
2174.74
4
2179.74
4
2184.74
3
2189.74
3
2194.73
3
2199.73
3
2204.73
2
2209.73
2
2214.73
2
2219.73
1
2224.73
1
2229.73
2
2234.73
3
2239.74
4
2244.73
5
2249.73
5
2254.73
5
2259.72
6
2264.72
5
2269.72
4
2274.72
3
2279.72
3
2284.72
3
2289.72
3
2294.71
3
2299.72
2
2304.72
2
2309.71
2
2314.72
3
2319.71
4
2324.71
5
2329.71
5
2334.71
5
2339.7
5
2344.7
4
2349.7
3
2354.69
3
2359.69
3
2364.7
3
2369.7
3
2374.7
3
2379.69
3
2384.69
3
2389.69
3
2394.69
3
2399.68
3
2404.68
3
2409.81
3
2414.82
4
2419.82
4
2424.83
3
2429.82
3
2434.82
4
2439.82
4
2444.81
4
2449.81
4
2454.81
2
2459.81
2
2464.81
3
2469.81
3
2474.81
3
2479.8
4
2484.8
4
2489.8
4
2494.8
4
2499.8
5
2504.8
5
2509.8
5
2514.8
5
2519.8
6
2524.8
5
2529.8
6
2534.8
7
2539.8
8
2544.81
7
2549.8
6
2554.8
6
2559.8
6
2564.8
5
2570.01
5
2575.01
5
2580.02
4
2585.02
3
2590.02
2
2595.01
2
2600.01
2
2605.01
2
2610.01
2
2615.01
2
2620.01
2
2625.01
2
2630.01
2
2635.01
1
2640.01
1
2645
1
2650
1
2655
1
2660
1
2665
1
2670.01
1
2675
1
2680.01
2
2685.01
3
2690.01
3
2695.01
4
2700.01
3
2705.01
3
2710
3
2715
4
2720
5
2724.99
6
2729.99
5
2734.99
4
2739.99
4
2744.99
3
2749.99
3
2754.98
4
2759.97
4
2764.97
4
2769.97
3
2774.97
4
2780.16
3
2785.17
3
2790.17
2
2795.18
2
2800.18
2
2805.18
2
2810.18
2
2815.18
2
2820.18
2
2825.18
3
2830.18
2
2835.18
3
2840.18
4
2845.18
4
2850.37
4
2855.37
4
2860.36
4
2865.37
4
2870.36
4
2875.36
4
2880.36
5
2885.36
6
2890.36
7
2895.36
7
2900.35
8
2905.36
9
2910.35
8
2915.36
9
2920.36
7
2925.36
6
2930.36
6
2935.36
5
2940.37
5
2945.37
4
2950.39
3
2955.39
2
2960.38
1
2965.38
1
2970.38
2
2975.38
2
2980.38
3
2985.38
4
2990.5
5
2995.51
5
3000.5
6
3005.5
6
3010.5
5
3015.5
4
3020.5
5
3025.5
6
3030.5
6
3035.5
6
3040.5
4
3045.5
4
3050.5
3
3055.5
3
3060.5
4
3065.5
4
3070.5
4
3075.49
4
3080.49
3
3085.49
3
3090.49
3
3095.5
2
3100.49
2
3105.5
1
3110.5
2
3115.49
2
3120.5
2
3125.49
2
3130.49
1
3135.49
1
3140.49
1
3145.49
1
3150.63
1
3155.64
1
3160.63
1
3165.63
1
3170.63
1
3175.63
2
3180.63
3
3185.62
3
3190.62
3
3195.62
4
3200.61
4
3205.61
5
3210.62
5
3215.62
4
3220.61
4
3225.61
3
3230.61
3
3235.61
3
3240.61
1
3245.61
1
3250.61
1
3255.6
1
3260.61
1
3265.61
2
3270.61
3
3275.83
4
3280.83
3
3285.83
2
3290.82
2
3295.82
3
3300.82
3
3305.82
2
3310.82
2
3315.82
2
3320.82
2
3325.82
2
3330.82
2
3336.04
2
3341.04
2
3346.04
2
3351.03
1
3356.04
2
3361.04
2
3366.04
3
3371.14
4
3376.13
4
3381.13
4
3386.13
4
3391.13
4
3396.13
4
3401.14
4
3406.13
4
3411.14
3
3416.13
3
3421.27
4
3426.27
5
3431.27
5
3436.27
6
3441.27
7
3446.27
7
3451.27
7
3456.27
8
3461.26
9
3466.26
9
3471.26
8
3476.25
8
3481.25
8
3486.25
8
3491.24
8
3496.25
7
3501.24
5
3506.53
4
3511.25
4
3516.26
4
3521.26
4
3526.26
4
3531.26
4
3536.26
5
3541.27
5
3546.27
5
3551.26
6
3556.26
6
3561.26
5
3566.26
4
3571.33
3
3576.33
3
3581.32
1
3586.32
1
3591.32
1
3596.32
1
3601.33
1
3606.33
1
3611.33
1
3616.33
2
3621.33
3
3626.33
4
3631.34
4
3636.33
4
3641.33
4
3646.33
4
3651.33
4
3656.36
4
3661.35
3
3666.35
3
3671.35
3
3676.35
2
3681.35
2
3686.35
2
3691.35
2
3696.35
1
3701.35
2
3706.35
2
3711.34
2
3716.34
3
3721.34
4
3726.34
4
3731.41
4
3736.41
3
3741.41
3
3746.41
3
3751.41
3
3756.41
3
3761.41
3
3766.41
3
3771.42
3
3776.41
3
3781.53
4
3786.53
4
3791.52
5
3796.63
6
3801.62
6
3806.63
7
3811.63
7
3816.62
8
3821.63
9
3826.62
10
3831.62
9
3836.62
7
3841.62
6
3846.62
6
3851.62
5
3856.62
5
3861.62
5
3866.62
4
3871.62
4
3876.62
2
3881.62
3
3886.62
4
3891.62
5
3896.61
6
3901.61
7
3906.61
7
3911.61
6
3916.61
7
3921.6
7
3926.6
6
3931.69
6
3936.69
6
3941.68
7
3946.68
7
3951.72
8
3956.72
8
3961.72
7
3966.73
8
3971.72
7
3976.73
7
3981.73
8
3986.73
7
3991.73
7
3996.72
6
4001.73
6
4006.73
5
4011.72
6
4016.72
6
4021.72
7
4026.72
4
4031.72
4
4036.72
4
4041.71
3
4046.72
3
4051.72
3
4056.72
3
4061.72
2
4066.72
2
4071.72
1
4076.72
1
4081.73
0
4086.73
1
4091.72
2
4096.71
3
4101.64
3
4106.58
3
4111.5
4
4116.45
3
4121.38
3
4126.31
3
4131.27
3
4136.22
3
4141.17
2
4146.1
3
4151.02
4
4155.96
5
4160.9
6
4165.84
5
4170.94
5
4175.87
4
4180.81
2
4185.76
2
4190.69
2
4195.63
2
4200.56
2
4205.49
2
4210.41
2
4215.35
2
4220.29
2
4225.23
2
4230.16
3
4235.08
4
4240.03
5
4244.96
5
4249.89
6
4254.82
5
4259.75
5
4264.68
6
4269.62
7
4274.54
8
4279.5
5
4284.43
4
4289.36
4
4294.29
4
4299.23
4
4304.17
4
4309.1
4
4314.04
3
4318.98
4
4323.91
4
4328.85
3
4333.78
3
4338.71
3
4343.64
4
4348.58
3
4353.51
4
4358.43
5
4363.37
4
4368.31
3
4373.23
3
4378.16
4
4383.1
5
4388.03
6
4392.96
7
4397.91
6
4402.85
5
4407.79
5
4412.72
6
4417.65
7
4422.59
7
4427.52
8
4432.44
8
4437.38
7
4442.35
7
4447.29
6
4452.31
5
4457.25
5
4462.33
6
4467.3
6
4472.42
6
4477.34
5
4482.27
4
4487.23
3
4492.16
3
4497.1
4
4502.03
5
4506.96
6
4512.1
6
4517.03
4
4521.97
4
4526.9
4
4531.83
4
4536.76
4
4541.69
4
4546.62
4
4551.56
3
4556.5
3
4561.43
4
4566.38
3
4571.31
3
4576.24
4
4581.17
4
4586.12
4
4591.05
4
4595.98
5
4600.91
6
4605.85
7
4610.78
7
4615.7
7
4620.64
6
4625.58
6
4630.51
6
4635.45
6
4640.39
6
4645.32
6
4650.25
6
4655.18
5
4660.11
6
4665.05
7
4669.99
6
4674.92
6
4679.85
5
4684.79
4
4689.71
4
4694.65
2
4699.59
2
4704.51
2
4709.58
2
4714.5
1
4719.45
0
4724.38
0
4729.3
0
4734.24
0
4739.17
0
4744.1
0
4749.03
0
4753.96
0
4758.89
0
4763.82
1
4768.76
2
4773.7
3
4778.65
3
4783.59
3
4788.52
3
4793.46
3
4798.39
3
4803.32
3
4808.24
4
4813.37
5
4818.3
4
4823.25
4
4828.19
5
4833.13
4
4838.07
5
4843.01
6
4847.94
6
4852.87
7
4857.79
7
4862.73
6
4867.96
6
4872.59
6
4877.52
6
4882.44
6
4887.37
5
4892.31
5
4897.24
6
4902.18
6
4907.11
5
4912.2
5
4917.13
5
4922.06
5
4926.99
3
4931.92
3
4936.84
3
4941.76
3
4946.69
3
4951.62
3
4956.56
3
4961.5
3
4966.44
3
4971.4
4
4976.34
3
4981.27
4
4986.21
5
4991.13
6
4996.06
5
5001
6
5005.94
5
5010.87
5
5015.8
4
5020.73
4
5025.66
4
5030.59
4
5035.52
4
5040.45
4
5045.38
4
5050.32
3
5055.27
3
5060.2
4
5065.15
3
5070.09
3
5075.03
3
5079.96
4
5084.89
5
5089.82
6
5094.76
7
5099.69
8
5104.62
7
5109.56
6
5114.5
6
5119.43
5
5124.36
4
5129.29
4
5134.22
4
5139.16
4
5144.08
4
5149.02
4
5153.95
4
5158.88
4
5163.81
5
5168.74
6
5173.67
7
5178.6
8
5183.53
9
5188.47
9
5193.41
9
5198.34
10
5203.29
8
5208.23
7
5213.16
6
5218.09
6
5223.23
6
5228.17
4
5233.11
3
5238.03
3
5243.08
3
5248.07
3
5253
3
5257.92
3
5262.85
3
5267.78
3
5272.71
2
5277.65
1
5282.58
1
5287.52
0
5292.46
1
5297.39
2
5302.31
2
5307.24
2
5312.17
2
5317.1
2
5322.04
3
5326.96
4
5331.9
4
5336.85
4
5341.84
4
5346.78
3
5351.72
4
5356.67
5
5361.61
6
5366.54
6
5371.48
6
5376.41
6
5381.33
6
5386.27
6
5391.2
6
5396.13
6
5401.07
5
5406.09
5
5411.01
5
5415.95
3
5420.89
3
5425.82
3
5430.75
3
5435.84
3
5440.77
3
5445.7
3
5450.64
3
5455.56
4
5460.49
5
5465.42
5
5470.36
6
5475.29
7
5480.23
7
5485.16
7
5490.1
5
5495.04
5
5499.98
3
5504.93
3
5509.86
3
5514.79
3
5519.72
3
5524.66
3
5529.6
3
5534.55
3
5539.48
3
5544.42
4
5549.35
4
5554.28
3
5559.22
3
5564.15
3
5569.09
2
5574.02
1
5578.95
1
5583.89
1
5588.82
1
5593.74
1
5598.67
2
5603.61
3
5608.63
3
5613.57
3
5618.52
3
5623.44
3
5628.38
3
5633.45
4
5638.39
3
5643.33
2
5648.26
3
5653.2
3
5658.13
3
5663.29
3
5668.23
3
5673.17
4
5678.11
5
5683.04
6
5687.97
7
5692.9
8
5697.83
8
5702.77
6
5707.7
5
5712.64
3
5717.58
3
5722.52
3
5727.45
3
5732.38
3
5737.3
3
5742.23
3
5747.16
4
5752.09
5
5757.02
6
5761.96
6
5767.08
5
5772
4
5776.94
3
5781.87
3
5786.81
2
5791.74
2
5796.68
2
5801.61
2
5806.72
2
5811.66
2
5816.58
3
5821.52
4
5826.46
5
5831.4
6
5836.36
7
5841.3
8
5846.23
8
5851.18
7
5856.14
6
5861.07
7
5866.02
7
5870.94
8
5875.88
8
5880.82
9
5885.76
9
5890.69
9
5895.62
10
5900.57
9
5905.51
8
5910.45
6
5915.58
5
5920.51
4
5925.45
4
5930.39
5
5935.31
6
5940.23
6
5945.17
7
5950.11
7
5955.05
8
5959.99
8
5964.91
8
5969.85
7
5974.79
7
5979.79
7
5984.73
6
5989.67
3
5994.6
3
5999.54
3
6004.47
4
6009.4
4
6014.34
5
6019.27
5
6024.2
5
6029.16
4
6034.14
5
6039.08
6
6044.01
6
6048.94
4
6053.87
4
6058.8
3
6063.74
3
6068.72
3
6073.65
3
6078.58
4
6083.51
5
6088.44
6
6093.37
6
6098.33
3
6103.27
3
6108.21
3
6113.15
3
6118.08
4
6123.01
4
6127.94
4
6132.88
5
6137.83
5
6142.76
6
6147.7
7
6152.64
7
6157.57
6
6162.5
6
6167.43
6
6172.36
6
6177.29
6
6182.22
6
6187.16
5
6192.09
6
6197.02
6
6201.96
6
6206.89
5
6212
5
6216.93
5
6221.86
5
6226.79
5
6231.72
3
6236.66
3
6241.61
3
6246.55
2
6251.48
1
6256.41
1
6261.36
2
6266.3
3
6271.23
4
6276.17
5
6281.09
6
6286.02
7
6290.95
7
6295.89
5
6300.82
5
6305.76
5
6310.7
4
6315.63
4
6320.56
3
6325.49
2
6330.42
2
6335.36
3
6340.37
3
6345.3
3
6350.22
3
6355.15
4
6360.09
4
6365.02
5
6369.96
5
6374.89
4
6379.83
4
6384.76
4
6389.69
4
6394.63
3
6399.55
4
6404.71
4
6409.64
4
6414.57
4
6419.52
3
6424.44
4
6429.39
5
6434.32
6
6439.25
5
6444.18
5
6449.13
5
6454.06
5
6458.99
5
6463.92
5
6468.86
5
6473.79
4
6478.72
3
6483.82
3
6488.75
2
6493.7
3
6498.64
2
6503.57
2
6508.51
3
6513.45
3
6518.38
4
6523.31
5
6528.26
5
6533.19
5
6538.13
5
6543.1
5
6548.04
5
6552.98
5
6557.92
6
6562.85
7
6567.78
8
6572.71
9
6577.65
8
6582.57
8
6587.69
8
6592.61
7
6597.56
3
6602.49
4
6607.42
5
6612.35
6
6617.28
5
6622.21
5
6627.15
5
6632.08
5
6637.01
5
6641.95
4
6646.88
4
6651.88
3
6656.95
3
6661.88
3
6666.81
3
6671.75
3
6676.68
3
6681.63
2
6686.55
1
6691.49
1
6696.42
1
6701.35
2
6706.28
3
6711.22
4
6716.15
5
6721.09
6
6726.12
5
6731.06
5
6735.99
5
6740.92
4
6745.86
3
6750.79
3
6755.73
3
6760.65
3
6765.59
3
6770.53
3
6775.46
1
6780.4
1
6785.35
2
6790.28
3
6795.21
4
6800.15
4
6805.09
4
6810.02
3
6814.96
3
6819.9
3
6824.83
2
6829.87
2
6834.8
1
6839.73
1
6844.67
1
6849.6
1
6854.55
2
6859.48
3
6864.42
3
6869.35
4
6874.29
4
6879.22
4
6884.16
5
6889.1
5
6894.02
6
6898.96
5
6903.89
5
6908.82
5
6913.75
5
6918.69
5
6923.63
5
6928.58
5
6933.51
4
6938.45
4
6943.39
4
6948.33
4
6953.27
4
6958.19
4
6963.13
4
6968.07
5
6973.03
4
6977.98
3
6982.92
3
6987.86
3
6992.79
2
6997.73
1
7002.68
0
7007.62
0
7012.55
1
7017.49
2
7022.53
3
7027.47
3
7032.4
4
7037.33
5
7042.26
6
7047.2
5
7052.13
4
7057.11
3
7062.04
2
7066.97
2
7071.9
2
7076.84
2
7081.77
2
7086.72
2
7091.64
3
7096.59
4
7101.52
5
7106.45
5
7111.39
6
7116.33
7
7121.26
6
7126.2
6
7131.14
7
7136.07
7
7141
7
7145.94
7
7150.93
6
7155.86
5
7160.79
6
7165.73
7
7170.66
8
7175.62
6
7180.55
5
7185.53
5
7190.47
6
7195.4
6
7200.33
6
7205.27
5
7210.2
5
7215.13
5
7220.08
5
7225.01
5
7229.96
5
7234.88
5
7239.83
5
7244.89
6
7249.82
7
7254.76
7
7259.71
7
7264.64
6
7269.59
7
7274.52
6
7279.46
7
7284.39
8
7289.33
8
7294.27
7
7299.21
7
7304.14
5
7309.08
3
7314.02
3
7318.94
3
7323.89
3
7328.91
3
7333.84
3
7338.82
3
7343.76
2
7348.7
3
7353.63
4
7358.56
4
7363.67
4
7368.6
3
7373.54
2
7378.48
3
7383.41
4
7388.34
5
7393.27
4
7398.2
4
7403.14
4
7408.07
4
7413.02
4
7417.95
4
7422.88
4
7427.82
3
7432.75
4
7437.68
4
7442.61
4
7447.55
4
7452.48
3
7457.42
3
7462.36
3
7467.3
2
7472.25
2
7477.31
3
7482.25
3
7487.19
4
7492.12
4
7497.05
3
7501.99
2
7506.92
2
7511.85
2
7516.78
2
7521.72
2
7526.66
1
7531.59
2
7536.52
3
7541.45
3
7546.39
2
7551.33
2
7556.27
2
7561.21
2
7566.14
2
7571.07
2
7576
3
7580.93
4
7585.87
4
7590.81
3
7595.75
3
7600.68
3
7605.62
3
7610.56
4
7615.5
5
7620.42
6
7625.37
3
7630.3
3
7635.23
3
7640.15
3
7645.09
3
7650.03
3
7654.95
3
7659.88
3
7664.8
3
7669.74
3
7674.68
2
7679.63
2
7684.62
2
7689.57
1
7694.52
2
7699.48
3
7704.41
4
7709.36
4
7714.32
5
7719.26
4
7724.22
5
7729.16
6
7734.14
7
7739.08
7
7744.03
7
7748.97
6
7753.93
6
7758.88
6
7763.82
6
7768.77
6
7773.72
6
7778.67
5
7783.61
6
7788.57
5
7793.6
4
7798.55
3
7803.49
3
7808.44
3
7813.38
3
7818.32
2
7823.26
1
7828.21
1
7833.15
1
7838.1
1
7843.05
1
7848
1
7852.94
0
7857.89
0
7862.84
0
7867.79
0
7872.73
1
7877.67
2
7882.61
2
7887.55
2
7892.5
1
7897.45
1
7902.4
0
7907.34
1
7912.29
2
7917.25
3
7922.19
3
7927.13
3
7932.07
2
7937.01
2
7941.96
2
7946.9
2
7951.84
2
7956.78
1
7961.72
1
7966.66
1
7971.61
1
7976.56
2
7981.5
3
7986.46
4
7991.4
4
7996.35
5
8001.31
5
8006.25
5
8011.2
6
8016.14
7
8021.09
7
8026.03
7
8030.97
6
8035.91
7
8040.86
6
8045.81
7
8050.77
7
8055.87
7
8060.83
8
8065.82
8
8070.78
8
8075.72
8
8080.67
8
8085.64
8
8090.6
7
8095.55
7
8100.51
6
8105.49
6
8110.45
6
8115.41
6
8120.36
5
8125.32
4
8130.3
4
8135.27
4
8140.22
2
8145.17
3
8150.11
3
8155.09
3
8160.05
3
8165
3
8169.98
3
8174.94
3
8179.89
2
8184.87
2
8189.82
3
8194.76
4
8199.67
5
8204.59
6
8209.5
6
8214.43
5
8219.36
4
8224.27
4
8229.2
4
8234.11
3
8239.01
3
8243.93
3
8248.85
2
8253.77
3
8258.68
3
8263.59
4
8268.5
3
8273.42
2
8278.34
1
8283.25
1
8288.16
2
8293.08
3
8297.99
3
8302.9
3
8307.83
3
8312.74
3
8317.66
2
8322.56
3
8327.47
4
8332.38
5
8337.29
5
8342.22
5
8347.13
6
8352.05
6
8356.98
5
8361.9
4
8366.8
5
8371.72
6
8376.62
7
8381.55
6
8386.46
5
8391.38
4
8396.3
3
8401.21
2
8406.12
3
8411.03
3
8415.94
3
8420.87
2
8425.78
2
8430.88
3
8435.78
3
8440.7
4
8445.62
4
8450.53
4
8455.44
2
8460.36
1
8465.28
2
8470.2
3
8475.11
4
8480.03
4
8484.94
3
8489.85
3
8494.77
3
8499.69
3
8504.6
3
8509.51
3
8514.43
2
8519.34
1
8524.25
1
8529.16
2
8534.06
3
8538.98
4
8543.9
4
8548.81
5
8553.72
6
8558.68
6
8563.59
6
8568.51
6
8573.42
6
8578.33
7
8583.26
6
8588.17
7
8593.08
8
8598.01
9
8602.93
9
8607.89
9
8612.81
9
8617.72
9
8622.63
9
8627.57
8
8632.48
7
8637.39
6
8642.3
6
8647.39
6
8652.31
5
8657.22
5
8662.14
4
8667.05
4
8671.95
5
8676.87
6
8681.78
6
8686.69
6
8691.61
6
8696.52
6
8701.43
6
8706.34
5
8711.25
5
8716.17
5
8721.08
5
8726.01
2
8730.93
1
8735.86
2
8740.78
2
8745.69
2
8750.61
2
8755.53
2
8760.63
3
8765.54
3
8770.45
4
8775.36
4
8780.27
4
8785.18
4
8790.1
3
8795
3
8799.93
3
8804.84
3
8809.76
3
8814.66
3
8819.57
3
8824.5
3
8829.4
4
8834.33
4
8839.24
5
8844.15
5
8849.08
5
8854.01
3
8859.01
3
8863.92
3
8868.84
1
8873.75
1
8878.66
1
8883.56
1
8888.47
1
8893.38
1
8898.3
1
8903.22
0
8908.15
1
8913.07
2
8917.99
3
8922.9
3
8927.99
3
8932.72
3
8937.65
2
8942.56
1
8947.48
1
8952.39
1
8957.31
1
8962.22
1
8967.14
1
8972.05
1
8976.97
2
8981.89
3
8986.8
4
8991.72
5
8996.65
6
9001.56
7
9006.47
7
9011.38
7
9016.3
6
9021.21
6
9026.13
5
9031.06
5
9035.97
5
9040.89
5
9045.79
5
9050.71
4
9055.63
4
9060.55
4
9065.48
3
9070.39
2
9075.3
2
9080.21
2
9085.12
3
9090.03
4
9094.96
4
9099.86
4
9104.78
4
9109.69
4
9114.6
4
9119.53
4
9124.45
3
9129.38
4
9134.31
4
9139.22
5
9144.13
5
9149.04
4
9153.96
5
9158.89
4
9163.8
5
9168.71
6
9173.63
6
9178.55
7
9183.48
7
9188.4
6
9193.33
7
9198.25
6
9203.16
6
9208.08
6
9213
6
9217.91
6
9222.83
6
9227.74
6
9232.65
4
9237.57
4
9242.5
2
9247.41
2
9252.32
2
9257.23
2
9262.15
2
9267.05
3
9271.97
4
9276.87
5
9281.79
5
9286.72
5
9291.63
5
9296.54
6
9301.46
6
9306.37
5
9311.3
4
9316.21
3
9321.12
3
9326.03
4
9330.95
3
9335.88
2
9340.79
2
9345.7
2
9350.61
2
9355.52
2
9360.43
1
9365.53
2
9370.44
2
9375.36
3
9380.28
4
9385.19
5
9390.1
6
9395
7
9399.92
7
9404.82
7
9409.74
7
9414.65
7
9419.58
6
9424.5
6
9429.42
6
9434.34
5
9439.25
5
9444.17
5
9449.08
6
9453.99
6
9458.91
7
9463.83
7
9468.76
4
9473.67
4
9478.58
5
9483.49
6
9488.41
6
9493.32
5
9498.24
5
9503.15
5
9508.07
5
9512.99
3
9518.15
2
9523.07
2
9528.02
2
9532.94
1
9537.85
1
9542.76
1
9547.66
1
9552.58
1
9557.5
1
9562.42
2
9567.33
3
9572.24
4
9577.16
4
9582.12
5
9587.03
4
9591.94
4
9596.86
4
9601.77
5
9606.69
6
9611.59
6
9616.51
6
9621.43
5
9626.34
5
9631.25
5
9636.17
5
9641.08
5
9645.99
6
9650.9
5
9655.82
5
9660.74
5
9665.65
5
9670.56
5
9675.48
6
9680.4
4
9685.3
5
9690.21
5
9695.12
6
9700.04
7
9704.95
8
9709.88
8
9714.8
8
9719.72
6
9724.64
5
9729.55
5
9734.47
4
9739.39
3
9744.3
3
9749.22
3
9754.13
3
9759.04
4
9763.95
5
9768.87
5
9773.79
6
9778.71
6
9783.63
7
9788.54
8
9793.44
8
9798.37
8
9803.29
7
9808.22
7
9813.12
7
9818.05
6
9822.99
4
9827.91
4
9832.84
4
9837.81
4
9842.74
5
9847.68
6
9852.64
7
9857.55
7
9862.49
7
9867.46
7
9872.44
6
9879.1
5
9887.33
4
9893.88
4
9900.22
4
9918.7
3
9934.02
2
9944.79
1
9968.61
2
10000.6
3
