5.00001
0
10.0001
0
15.0052
0
20.0102
0
25.0103
0
30.0153
0
35.0199
0
40.0193
0
45.0238
0
50.0282
0
55.0276
0
60.0271
0
65.0319
1
70.0425
2
75.0482
3
80.0489
3
85.0495
3
90.0501
2
95.1807
3
100.186
4
105.192
4
110.198
4
115.208
5
120.209
5
125.209
5
130.214
4
135.212
4
140.21
3
145.214
2
150.217
1
155.215
1
160.219
1
165.217
1
170.22
0
175.219
0
180.222
1
185.22
2
190.223
3
195.227
4
200.23
5
205.228
5
210.232
5
215.23
4
220.233
4
225.232
4
230.23
4
235.233
4
240.231
5
245.23
6
250.233
7
255.231
7
260.24
5
265.244
5
270.252
3
275.257
3
280.261
3
285.27
3
290.274
3
295.278
3
300.287
2
305.291
2
310.295
2
315.304
3
320.312
4
325.321
4
330.33
4
335.334
4
340.343
2
345.346
1
350.355
1
355.364
1
360.368
1
365.372
1
370.381
1
375.389
1
380.393
1
385.427
1
390.431
1
395.44
2
400.449
3
405.457
4
410.462
5
415.465
5
420.469
5
425.478
4
430.612
4
435.616
3
440.619
2
445.623
2
450.632
1
455.641
1
460.645
2
465.649
3
470.653
4
475.662
4
480.666
2
485.675
2
490.679
2
495.687
2
500.826
2
505.83
1
510.833
2
515.837
3
520.956
4
525.96
4
530.969
4
535.973
3
540.977
3
545.985
3
550.994
3
556.002
2
561.021
3
566.025
3
571.029
3
576.039
3
581.042
2
586.046
2
591.05
2
596.059
2
601.068
2
606.077
2
611.091
3
616.25
4
621.324
4
626.333
3
631.337
3
636.341
3
641.345
3
646.353
3
651.362
3
656.371
3
661.375
3
666.378
1
671.386
1
676.39
1
681.394
1
686.403
1
691.412
1
696.421
1
701.425
1
706.434
2
711.437
2
716.44
2
721.449
2
726.453
1
731.457
2
736.466
3
741.47
3
746.478
3
751.487
4
756.496
5
761.5
5
766.504
5
771.508
5
776.517
5
781.526
4
786.53
4
791.533
4
796.537
4
801.546
4
806.555
4
811.559
4
816.563
3
821.567
3
826.571
3
831.575
3
836.579
2
841.582
1
846.591
1
851.595
1
856.604
1
861.608
2
866.612
2
871.621
3
876.625
3
881.633
2
886.642
1
891.646
1
896.66
1
901.664
1
906.668
1
911.676
1
916.88
1
921.884
2
926.893
3
931.896
4
936.9
5
941.904
6
946.908
5
951.916
4
956.92
5
961.934
5
966.948
5
971.957
4
976.961
4
981.965
4
986.969
4
991.972
4
996.981
4
1001.99
3
1006.99
3
1012
2
1017.01
2
1022.01
3
1027.01
3
1032.02
3
1037.02
3
1042.03
3
1047.04
4
1052.11
4
1057.12
4
1062.13
4
1067.13
4
1072.14
4
1077.15
4
1082.16
4
1087.17
5
1092.17
4
1097.18
4
1102.2
4
1107.21
4
1112.4
4
1117.22
5
1122.23
6
1127.24
6
1132.43
6
1137.25
5
1142.26
2
1147.26
1
1152.27
1
1157.49
1
1162.5
1
1167.5
1
1172.51
1
1177.51
2
1182.52
2
1187.53
3
1192.53
4
1197.77
3
1202.77
3
1207.78
3
1212.79
4
1217.8
4
1222.8
5
1227.81
4
1232.81
5
1237.82
5
1242.82
5
1247.83
3
1252.83
4
1258.09
4
1262.85
5
1267.86
5
1273.02
6
1278.02
6
1283.03
6
1288.04
6
1293.04
6
1298.22
6
1303.22
6
1308.23
5
1313.24
5
1318.26
5
1323.27
4
1328.28
4
1333.28
4
1338.29
4
1343.29
2
1348.3
3
1353.31
3
1358.31
3
1363.32
3
1368.32
3
1373.33
3
1378.34
3
1383.35
3
1388.35
3
1393.36
3
1398.36
3
1403.37
3
1408.38
3
1413.39
3
1418.4
3
1423.41
3
1428.42
4
1433.42
5
1438.47
6
1443.48
7
1448.48
7
1453.49
8
1458.5
7
1463.51
8
1468.52
7
1473.53
7
1478.53
8
1483.54
8
1488.54
8
1493.55
7
1498.55
7
1503.56
6
1508.57
5
1513.57
5
1518.58
5
1523.59
5
1528.59
5
1533.6
5
1538.6
5
1543.61
4
1548.62
4
1553.62
4
1558.63
5
1563.63
5
1568.64
5
1573.64
4
1578.64
3
1583.65
3
1588.66
3
1593.67
2
1598.68
2
1603.69
2
1608.7
2
1613.7
2
1618.71
3
1623.72
3
1628.72
4
1633.73
4
1638.74
4
1643.74
4
1648.74
4
1653.75
4
1658.76
3
1663.76
3
1668.77
2
1673.96
2
1678.96
2
1683.98
3
1688.99
4
1693.99
5
1699
6
1704
6
1709.01
5
1714.02
5
1719.02
6
1724.03
7
1729.03
7
1734.03
7
1739.04
5
1744.04
4
1749.05
4
1754.05
2
1759.06
2
1764.06
2
1769.06
1
1774.07
0
1779.08
0
1784.08
1
1789.08
1
1794.09
1
1799.09
2
1804.1
3
1809.1
3
1814.1
2
1819.11
2
1824.12
2
1829.12
3
1834.13
4
1839.25
4
1844.26
3
1849.27
3
1854.28
2
1859.28
2
1864.29
3
1869.3
4
1874.31
5
1879.32
5
1884.33
4
1889.33
3
1894.34
3
1899.34
3
1904.34
3
1909.35
3
1914.36
3
1919.36
4
1924.38
4
1929.53
4
1934.54
3
1939.54
3
1944.55
4
1949.56
4
1954.56
4
1959.57
4
1964.58
4
1969.59
4
1974.6
3
1979.61
2
1984.61
1
1989.61
2
1994.62
3
1999.62
4
2004.63
5
2009.64
6
2014.64
5
2019.65
4
2024.65
3
2029.66
3
2034.67
3
2039.67
3
2044.67
3
2049.68
2
2054.68
2
2059.68
2
2064.68
3
2069.68
4
2074.68
5
2079.68
5
2084.67
4
2089.67
3
2094.67
3
2099.66
3
2104.67
3
2109.66
3
2114.66
1
2119.67
0
2124.67
0
2129.67
1
2134.67
1
2139.66
1
2144.67
2
2149.74
3
2154.74
3
2159.74
4
2164.74
4
2169.74
3
2174.74
3
2179.74
3
2184.74
4
2189.74
5
2194.73
5
2199.73
5
2204.73
4
2209.73
4
2214.73
5
2219.73
6
2224.73
7
2229.73
7
2234.73
6
2239.74
4
2244.73
4
2249.73
4
2254.73
4
2259.72
3
2264.72
2
2269.72
2
2274.72
2
2279.72
2
2284.72
1
2289.72
1
2294.71
2
2299.72
2
2304.72
3
2309.71
4
2314.72
4
2319.71
4
2324.71
4
2329.71
5
2334.71
5
2339.7
5
2344.7
6
2349.7
7
2354.69
8
2359.69
8
2364.7
8
2369.7
8
2374.7
7
2379.69
7
2384.69
7
2389.69
7
2394.69
6
2399.68
6
2404.68
5
2409.81
4
2414.82
3
2419.82
3
2424.83
3
2429.82
4
2434.82
4
2439.82
5
2444.81
6
2449.81
6
2454.81
7
2459.81
7
2464.81
7
2469.81
7
2474.81
6
2479.8
6
2484.8
5
2489.8
4
2494.8
4
2499.8
3
2504.8
3
2509.8
3
2514.8
2
2519.8
2
2524.8
3
2529.8
3
2534.8
3
2539.8
3
2544.81
3
2549.8
3
2554.8
4
2559.8
5
2564.8
5
2570.01
5
2575.01
3
2580.02
3
2585.02
4
2590.02
4
2595.01
5
2600.01
6
2605.01
7
2610.01
5
2615.01
6
2620.01
7
2625.01
7
2630.01
8
2635.01
9
2640.01
7
2645
4
2650
4
2655
4
2660
4
2665
5
2670.01
3
2675
3
2680.01
3
2685.01
2
2690.01
3
2695.01
2
2700.01
3
2705.01
4
2710
5
2715
5
2720
5
2724.99
4
2729.99
5
2734.99
5
2739.99
6
2744.99
7
2749.99
7
2754.98
7
2759.97
7
2764.97
8
2769.97
9
2774.97
8
2780.16
8
2785.17
8
2790.17
7
2795.18
5
2800.18
5
2805.18
5
2810.18
6
2815.18
6
2820.18
5
2825.18
5
2830.18
4
2835.18
4
2840.18
4
2845.18
3
2850.37
3
2855.37
1
2860.36
1
2865.37
2
2870.36
3
2875.36
3
2880.36
3
2885.36
3
2890.36
3
2895.36
3
2900.35
3
2905.36
3
2910.35
3
2915.36
3
2920.36
2
2925.36
2
2930.36
2
2935.36
1
2940.37
1
2945.37
2
2950.39
3
2955.39
4
2960.38
5
2965.38
6
2970.38
6
2975.38
5
2980.38
5
2985.38
5
2990.5
4
2995.51
3
3000.5
3
3005.5
3
3010.5
3
3015.5
4
3020.5
4
3025.5
4
3030.5
4
3035.5
5
3040.5
5
3045.5
5
3050.5
6
3055.5
7
3060.5
5
3065.5
6
3070.5
6
3075.49
6
3080.49
6
3085.49
7
3090.49
7
3095.5
7
3100.49
7
3105.5
7
3110.5
6
3115.49
7
3120.5
7
3125.49
8
3130.49
8
3135.49
8
3140.49
7
3145.49
6
3150.63
6
3155.64
4
3160.63
4
3165.63
4
3170.63
5
3175.63
5
3180.63
5
3185.62
5
3190.62
6
3195.62
5
3200.61
5
3205.61
5
3210.62
5
3215.62
5
3220.61
5
3225.61
5
3230.61
4
3235.61
4
3240.61
4
3245.61
4
3250.61
4
3255.6
3
3260.61
3
3265.61
3
3270.61
3
3275.83
3
3280.83
4
3285.83
4
3290.82
5
3295.82
5
3300.82
5
3305.82
6
3310.82
5
3315.82
5
3320.82
5
3325.82
5
3330.82
5
3336.04
4
3341.04
5
3346.04
6
3351.03
7
3356.04
7
3361.04
8
3366.04
8
3371.14
8
3376.13
7
3381.13
7
3386.13
7
3391.13
7
3396.13
7
3401.14
6
3406.13
6
3411.14
6
3416.13
7
3421.27
5
3426.27
4
3431.27
4
3436.27
4
3441.27
3
3446.27
3
3451.27
2
3456.27
1
3461.26
1
3466.26
2
3471.26
3
3476.25
4
3481.25
4
3486.25
3
3491.24
2
3496.25
1
3501.24
1
3506.53
1
3511.25
2
3516.26
2
3521.26
2
3526.26
2
3531.26
2
3536.26
2
3541.27
1
3546.27
1
3551.26
0
3556.26
0
3561.26
0
3566.26
0
3571.33
1
3576.33
2
3581.32
3
3586.32
4
3591.32
5
3596.32
5
3601.33
5
3606.33
6
3611.33
6
3616.33
6
3621.33
6
3626.33
6
3631.34
7
3636.33
8
3641.33
8
3646.33
8
3651.33
8
3656.36
7
3661.35
6
3666.35
5
3671.35
3
3676.35
3
3681.35
3
3686.35
3
3691.35
3
3696.35
3
3701.35
3
3706.35
3
3711.34
4
3716.34
4
3721.34
3
3726.34
3
3731.41
3
3736.41
2
3741.41
2
3746.41
2
3751.41
2
3756.41
2
3761.41
2
3766.41
3
3771.42
3
3776.41
2
3781.53
2
3786.53
2
3791.52
2
3796.63
1
3801.62
0
3806.63
0
3811.63
1
3816.62
1
3821.63
1
3826.62
1
3831.62
1
3836.62
1
3841.62
1
3846.62
1
3851.62
0
3856.62
0
3861.62
0
3866.62
1
3871.62
2
3876.62
3
3881.62
3
3886.62
3
3891.62
3
3896.61
3
3901.61
3
3906.61
3
3911.61
3
3916.61
3
3921.6
3
3926.6
2
3931.69
2
3936.69
1
3941.68
1
3946.68
1
3951.72
1
3956.72
1
3961.72
2
3966.73
2
3971.72
2
3976.73
2
3981.73
2
3986.73
1
3991.73
1
3996.72
1
4001.73
1
4006.73
1
4011.72
1
4016.72
1
4021.72
1
4026.72
1
4031.72
2
4036.72
3
4041.71
3
4046.72
3
4051.72
4
4056.72
4
4061.72
3
4066.72
4
4071.72
5
4076.72
6
4081.73
6
4086.73
6
4091.72
6
4096.71
6
4101.64
6
4106.58
6
4111.5
6
4116.45
5
4121.38
5
4126.31
5
4131.27
6
4136.22
6
4141.17
4
4146.1
4
4151.02
4
4155.96
3
4160.9
3
4165.84
3
4170.94
3
4175.87
4
4180.81
4
4185.76
4
4190.69
5
4195.63
6
4200.56
5
4205.49
5
4210.41
5
4215.35
6
4220.29
6
4225.23
7
4230.16
6
4235.08
6
4240.03
4
4244.96
4
4249.89
4
4254.82
4
4259.75
4
4264.68
4
4269.62
3
4274.54
3
4279.5
3
4284.43
3
4289.36
4
4294.29
5
4299.23
5
4304.17
5
4309.1
6
4314.04
4
4318.98
3
4323.91
3
4328.85
3
4333.78
3
4338.71
3
4343.64
3
4348.58
3
4353.51
3
4358.43
3
4363.37
4
4368.31
5
4373.23
6
4378.16
6
4383.1
6
4388.03
6
4392.96
6
4397.91
4
4402.85
4
4407.79
4
4412.72
3
4417.65
3
4422.59
2
4427.52
2
4432.44
2
4437.38
2
4442.35
3
4447.29
4
4452.31
5
4457.25
5
4462.33
5
4467.3
5
4472.42
3
4477.34
3
4482.27
3
4487.23
2
4492.16
2
4497.1
2
4502.03
1
4506.96
1
4512.1
1
4517.03
2
4521.97
3
4526.9
4
4531.83
5
4536.76
6
4541.69
5
4546.62
4
4551.56
4
4556.5
4
4561.43
4
4566.38
3
4571.31
3
4576.24
3
4581.17
3
4586.12
3
4591.05
3
4595.98
3
4600.91
3
4605.85
2
4610.78
3
4615.7
4
4620.64
4
4625.58
3
4630.51
2
4635.45
1
4640.39
0
4645.32
0
4650.25
0
4655.18
0
4660.11
0
4665.05
0
4669.99
0
4674.92
1
4679.85
2
4684.79
3
4689.71
4
4694.65
4
4699.59
4
4704.51
5
4709.58
5
4714.5
5
4719.45
5
4724.38
6
4729.3
7
4734.24
8
4739.17
9
4744.1
10
4749.03
10
4753.96
11
4758.89
11
4763.82
11
4768.76
9
4773.7
8
4778.65
7
4783.59
6
4788.52
5
4793.46
3
4798.39
3
4803.32
3
4808.24
3
4813.37
3
4818.3
3
4823.25
1
4828.19
0
4833.13
0
4838.07
0
4843.01
0
4847.94
0
4852.87
0
4857.79
1
4862.73
1
4867.96
2
4872.59
3
4877.52
3
4882.44
4
4887.37
4
4892.31
4
4897.24
2
4902.18
2
4907.11
2
4912.2
1
4917.13
1
4922.06
1
4926.99
1
4931.92
1
4936.84
1
4941.76
1
4946.69
1
4951.62
1
4956.56
2
4961.5
2
4966.44
3
4971.4
3
4976.34
3
4981.27
2
4986.21
2
4991.13
2
4996.06
2
5001
2
5005.94
3
5010.87
4
5015.8
5
5020.73
5
5025.66
5
5030.59
5
5035.52
5
5040.45
5
5045.38
5
5050.32
5
5055.27
4
5060.2
4
5065.15
5
5070.09
5
5075.03
4
5079.96
3
5084.89
3
5089.82
2
5094.76
0
5099.69
0
5104.62
1
5109.56
2
5114.5
3
5119.43
3
5124.36
3
5129.29
3
5134.22
2
5139.16
2
5144.08
2
5149.02
2
5153.95
3
5158.88
3
5163.81
3
5168.74
3
5173.67
3
5178.6
3
5183.53
2
5188.47
2
5193.41
2
5198.34
1
5203.29
1
5208.23
1
5213.16
2
5218.09
3
5223.23
4
5228.17
5
5233.11
6
5238.03
7
5243.08
7
5248.07
5
5253
5
5257.92
6
5262.85
7
5267.78
8
5272.71
8
5277.65
7
5282.58
7
5287.52
5
5292.46
5
5297.39
5
5302.31
5
5307.24
5
5312.17
4
5317.1
3
5322.04
3
5326.96
3
5331.9
3
5336.85
3
5341.84
4
5346.78
5
5351.72
4
5356.67
4
5361.61
3
5366.54
4
5371.48
2
5376.41
2
5381.33
2
5386.27
1
5391.2
1
5396.13
1
5401.07
2
5406.09
3
5411.01
3
5415.95
3
5420.89
2
5425.82
2
5430.75
2
5435.84
2
5440.77
2
5445.7
2
5450.64
2
5455.56
2
5460.49
2
5465.42
2
5470.36
2
5475.29
2
5480.23
2
5485.16
3
5490.1
4
5495.04
4
5499.98
3
5504.93
1
5509.86
1
5514.79
2
5519.72
3
5524.66
4
5529.6
5
5534.55
6
5539.48
6
5544.42
5
5549.35
6
5554.28
7
5559.22
7
5564.15
7
5569.09
6
5574.02
6
5578.95
6
5583.89
4
5588.82
4
5593.74
4
5598.67
4
5603.61
4
5608.63
5
5613.57
5
5618.52
6
5623.44
6
5628.38
6
5633.45
6
5638.39
5
5643.33
5
5648.26
5
5653.2
5
5658.13
6
5663.29
7
5668.23
7
5673.17
7
5678.11
5
5683.04
5
5687.97
4
5692.9
4
5697.83
4
5702.77
3
5707.7
3
5712.64
4
5717.58
4
5722.52
4
5727.45
5
5732.38
6
5737.3
7
5742.23
7
5747.16
7
5752.09
7
5757.02
5
5761.96
6
5767.08
5
5772
4
5776.94
4
5781.87
4
5786.81
4
5791.74
4
5796.68
5
5801.61
6
5806.72
7
5811.66
6
5816.58
6
5821.52
6
5826.46
4
5831.4
3
5836.36
3
5841.3
2
5846.23
2
5851.18
2
5856.14
2
5861.07
2
5866.02
1
5870.94
1
5875.88
1
5880.82
1
5885.76
2
5890.69
2
5895.62
2
5900.57
2
5905.51
3
5910.45
3
5915.58
3
5920.51
2
5925.45
2
5930.39
2
5935.31
2
5940.23
2
5945.17
2
5950.11
1
5955.05
0
5959.99
1
5964.91
2
5969.85
3
5974.79
3
5979.79
3
5984.73
3
5989.67
4
5994.6
4
5999.54
4
6004.47
3
6009.4
3
6014.34
3
6019.27
3
6024.2
2
6029.16
2
6034.14
2
6039.08
1
6044.01
1
6048.94
2
6053.87
2
6058.8
2
6063.74
2
6068.72
2
6073.65
2
6078.58
2
6083.51
2
6088.44
2
6093.37
3
6098.33
3
6103.27
3
6108.21
3
6113.15
3
6118.08
3
6123.01
3
6127.94
3
6132.88
2
6137.83
2
6142.76
2
6147.7
2
6152.64
2
6157.57
3
6162.5
4
6167.43
4
6172.36
5
6177.29
6
6182.22
7
6187.16
8
6192.09
8
6197.02
7
6201.96
7
6206.89
6
6212
6
6216.93
6
6221.86
6
6226.79
5
6231.72
5
6236.66
4
6241.61
3
6246.55
4
6251.48
5
6256.41
4
6261.36
3
6266.3
3
6271.23
3
6276.17
3
6281.09
3
6286.02
3
6290.95
3
6295.89
3
6300.82
3
6305.76
3
6310.7
3
6315.63
4
6320.56
5
6325.49
6
6330.42
7
6335.36
7
6340.37
8
6345.3
8
6350.22
9
6355.15
7
6360.09
6
6365.02
6
6369.96
6
6374.89
5
6379.83
3
6384.76
3
6389.69
4
6394.63
5
6399.55
5
6404.71
6
6409.64
5
6414.57
6
6419.52
5
6424.44
5
6429.39
3
6434.32
3
6439.25
3
6444.18
3
6449.13
1
6454.06
2
6458.99
3
6463.92
3
6468.86
4
6473.79
5
6478.72
6
6483.82
7
6488.75
7
6493.7
6
6498.64
6
6503.57
6
6508.51
6
6513.45
6
6518.38
6
6523.31
5
6528.26
5
6533.19
5
6538.13
3
6543.1
3
6548.04
2
6552.98
2
6557.92
1
6562.85
1
6567.78
1
6572.71
1
6577.65
0
6582.57
0
6587.69
1
6592.61
2
6597.56
3
6602.49
3
6607.42
3
6612.35
3
6617.28
3
6622.21
3
6627.15
3
6632.08
3
6637.01
3
6641.95
4
6646.88
5
6651.88
4
6656.95
4
6661.88
2
6666.81
2
6671.75
2
6676.68
1
6681.63
1
6686.55
2
6691.49
2
6696.42
3
6701.35
3
6706.28
3
6711.22
3
6716.15
3
6721.09
3
6726.12
3
6731.06
3
6735.99
4
6740.92
5
6745.86
6
6750.79
6
6755.73
6
6760.65
6
6765.59
5
6770.53
5
6775.46
5
6780.4
4
6785.35
4
6790.28
4
6795.21
4
6800.15
3
6805.09
3
6810.02
4
6814.96
5
6819.9
6
6824.83
7
6829.87
8
6834.8
7
6839.73
6
6844.67
5
6849.6
5
6854.55
5
6859.48
5
6864.42
5
6869.35
5
6874.29
5
6879.22
6
6884.16
6
6889.1
6
6894.02
5
6898.96
5
6903.89
6
6908.82
6
6913.75
7
6918.69
5
6923.63
6
6928.58
7
6933.51
7
6938.45
7
6943.39
6
6948.33
5
6953.27
5
6958.19
5
6963.13
5
6968.07
5
6973.03
5
6977.98
4
6982.92
4
6987.86
4
6992.79
3
6997.73
2
7002.68
1
7007.62
1
7012.55
1
7017.49
1
7022.53
1
7027.47
2
7032.4
2
7037.33
2
7042.26
2
7047.2
3
7052.13
4
7057.11
4
7062.04
5
7066.97
5
7071.9
3
7076.84
2
7081.77
2
7086.72
3
7091.64
3
7096.59
3
7101.52
2
7106.45
2
7111.39
2
7116.33
2
7121.26
3
7126.2
4
7131.14
3
7136.07
4
7141
4
7145.94
3
7150.93
2
7155.86
2
7160.79
2
7165.73
2
7170.66
2
7175.62
2
7180.55
2
7185.53
2
7190.47
1
7195.4
2
7200.33
3
7205.27
4
7210.2
4
7215.13
5
7220.08
5
7225.01
6
7229.96
5
7234.88
5
7239.83
5
7244.89
5
7249.82
4
7254.76
4
7259.71
3
7264.64
3
7269.59
3
7274.52
3
7279.46
3
7284.39
3
7289.33
3
7294.27
4
7299.21
5
7304.14
6
7309.08
7
7314.02
7
7318.94
7
7323.89
6
7328.91
7
7333.84
6
7338.82
6
7343.76
6
7348.7
6
7353.63
6
7358.56
7
7363.67
8
7368.6
7
7373.54
8
7378.48
8
7383.41
8
7388.34
8
7393.27
9
7398.2
8
7403.14
7
7408.07
7
7413.02
6
7417.95
5
7422.88
6
7427.82
5
7432.75
5
7437.68
5
7442.61
5
7447.55
6
7452.48
6
7457.42
6
7462.36
7
7467.3
7
7472.25
4
7477.31
1
7482.25
1
7487.19
1
7492.12
1
7497.05
1
7501.99
2
7506.92
3
7511.85
4
7516.78
4
7521.72
5
7526.66
5
7531.59
5
7536.52
5
7541.45
5
7546.39
5
7551.33
3
7556.27
3
7561.21
3
7566.14
2
7571.07
2
7576
2
7580.93
2
7585.87
2
7590.81
2
7595.75
2
7600.68
2
7605.62
2
7610.56
2
7615.5
1
7620.42
1
7625.37
0
7630.3
0
7635.23
0
7640.15
1
7645.09
2
7650.03
3
7654.95
4
7659.88
5
7664.8
6
7669.74
7
7674.68
6
7679.63
6
7684.62
5
7689.57
4
7694.52
4
7699.48
4
7704.41
3
7709.36
2
7714.32
2
7719.26
3
7724.22
3
7729.16
2
7734.14
2
7739.08
2
7744.03
2
7748.97
2
7753.93
2
7758.88
2
7763.82
2
7768.77
1
7773.72
1
7778.67
1
7783.61
1
7788.57
2
7793.6
3
7798.55
4
7803.49
5
7808.44
6
7813.38
7
7818.32
8
7823.26
8
7828.21
7
7833.15
7
7838.1
8
7843.05
8
7848
8
7852.94
9
7857.89
9
7862.84
10
7867.79
10
7872.73
9
7877.67
9
7882.61
9
7887.55
8
7892.5
6
7897.45
5
7902.4
5
7907.34
4
7912.29
3
7917.25
3
7922.19
2
7927.13
2
7932.07
1
7937.01
2
7941.96
3
7946.9
3
7951.84
4
7956.78
5
7961.72
6
7966.66
7
7971.61
7
7976.56
4
7981.5
3
7986.46
3
7991.4
3
7996.35
3
8001.31
3
8006.25
3
8011.2
3
8016.14
3
8021.09
3
8026.03
3
8030.97
3
8035.91
3
8040.86
3
8045.81
3
8050.77
2
8055.87
2
8060.83
2
8065.82
1
8070.78
1
8075.72
1
8080.67
1
8085.64
1
8090.6
1
8095.55
2
8100.51
3
8105.49
4
8110.45
4
8115.41
5
8120.36
4
8125.32
4
8130.3
4
8135.27
5
8140.22
6
8145.17
6
8150.11
5
8155.09
4
8160.05
5
8165
4
8169.98
4
8174.94
4
8179.89
5
8184.87
5
8189.82
4
8194.76
3
8199.67
3
8204.59
3
8209.5
3
8214.43
3
8219.36
4
8224.27
5
8229.2
3
8234.11
4
8239.01
5
8243.93
6
8248.85
6
8253.77
6
8258.68
5
8263.59
4
8268.5
4
8273.42
3
8278.34
3
8283.25
2
8288.16
2
8293.08
2
8297.99
3
8302.9
4
8307.83
4
8312.74
5
8317.66
4
8322.56
4
8327.47
4
8332.38
4
8337.29
4
8342.22
4
8347.13
4
8352.05
3
8356.98
2
8361.9
1
8366.8
1
8371.72
1
8376.62
1
8381.55
2
8386.46
3
8391.38
4
8396.3
5
8401.21
6
8406.12
6
8411.03
7
8415.94
6
8420.87
6
8425.78
6
8430.88
5
8435.78
5
8440.7
5
8445.62
4
8450.53
5
8455.44
6
8460.36
6
8465.28
5
8470.2
4
8475.11
4
8480.03
3
8484.94
4
8489.85
4
8494.77
4
8499.69
2
8504.6
2
8509.51
1
8514.43
2
8519.34
3
8524.25
4
8529.16
4
8534.06
4
8538.98
4
8543.9
4
8548.81
4
8553.72
4
8558.68
4
8563.59
5
8568.51
5
8573.42
5
8578.33
5
8583.26
3
8588.17
3
8593.08
3
8598.01
2
8602.93
2
8607.89
2
8612.81
2
8617.72
2
8622.63
3
8627.57
4
8632.48
4
8637.39
5
8642.3
5
8647.39
5
8652.31
5
8657.22
4
8662.14
3
8667.05
2
8671.95
2
8676.87
2
8681.78
2
8686.69
3
8691.61
4
8696.52
5
8701.43
6
8706.34
6
8711.25
7
8716.17
8
8721.08
8
8726.01
8
8730.93
7
8735.86
6
8740.78
4
8745.69
4
8750.61
4
8755.53
4
8760.63
3
8765.54
3
8770.45
3
8775.36
4
8780.27
5
8785.18
6
8790.1
6
8795
7
8799.93
7
8804.84
7
8809.76
6
8814.66
5
8819.57
4
8824.5
5
8829.4
5
8834.33
5
8839.24
5
8844.15
4
8849.08
5
8854.01
5
8859.01
6
8863.92
6
8868.84
6
8873.75
7
8878.66
7
8883.56
8
8888.47
8
8893.38
8
8898.3
6
8903.22
5
8908.15
4
8913.07
3
8917.99
2
8922.9
1
8927.99
1
8932.72
1
8937.65
1
8942.56
1
8947.48
1
8952.39
2
8957.31
1
8962.22
1
8967.14
1
8972.05
1
8976.97
1
8981.89
1
8986.8
1
8991.72
1
8996.65
1
9001.56
1
9006.47
1
9011.38
1
9016.3
2
9021.21
3
9026.13
3
9031.06
3
9035.97
4
9040.89
5
9045.79
6
9050.71
6
9055.63
7
9060.55
6
9065.48
7
9070.39
8
9075.3
8
9080.21
8
9085.12
8
9090.03
8
9094.96
7
9099.86
7
9104.78
7
9109.69
7
9114.6
7
9119.53
6
9124.45
6
9129.38
4
9134.31
4
9139.22
4
9144.13
3
9149.04
4
9153.96
3
9158.89
2
9163.8
2
9168.71
2
9173.63
1
9178.55
1
9183.48
1
9188.4
1
9193.33
1
9198.25
1
9203.16
1
9208.08
1
9213
1
9217.91
1
9222.83
1
9227.74
1
9232.65
1
9237.57
1
9242.5
1
9247.41
1
9252.32
1
9257.23
1
9262.15
1
9267.05
1
9271.97
1
9276.87
1
9281.79
2
9286.72
2
9291.63
3
9296.54
3
9301.46
4
9306.37
5
9311.3
6
9316.21
6
9321.12
6
9326.03
5
9330.95
4
9335.88
3
9340.79
4
9345.7
5
9350.61
5
9355.52
5
9360.43
5
9365.53
4
9370.44
4
9375.36
3
9380.28
3
9385.19
3
9390.1
3
9395
3
9399.92
3
9404.82
4
9409.74
4
9414.65
4
9419.58
4
9424.5
5
9429.42
6
9434.34
6
9439.25
6
9444.17
4
9449.08
4
9453.99
4
9458.91
4
9463.83
5
9468.76
5
9473.67
6
9478.58
6
9483.49
6
9488.41
6
9493.32
6
9498.24
7
9503.15
6
9508.07
5
9512.99
6
9518.15
6
9523.07
5
9528.02
6
9532.94
6
9537.85
6
9542.76
7
9547.66
7
9552.58
7
9557.5
6
9562.42
5
9567.33
3
9572.24
3
9577.16
3
9582.12
3
9587.03
4
9591.94
5
9596.86
5
9601.77
5
9606.69
4
9611.59
4
9616.51
4
9621.43
3
9626.34
3
9631.25
3
9636.17
2
9641.08
2
9645.99
2
9650.9
3
9655.82
3
9660.74
4
9665.65
5
9670.56
5
9675.48
3
9680.4
3
9685.3
3
9690.21
3
9695.12
2
9700.04
2
9704.95
2
9709.88
3
9714.8
3
9719.72
4
9724.64
4
9729.55
3
9734.47
3
9739.39
3
9744.3
4
9749.22
4
9754.13
5
9759.04
5
9763.95
4
9768.87
4
9773.79
4
9778.71
4
9783.63
4
9788.54
4
9793.44
4
9798.37
4
9803.29
3
9808.22
2
9813.12
2
9818.05
2
9822.99
2
9827.91
3
9832.84
4
9837.81
5
9842.74
5
9847.68
4
9852.64
3
9857.55
3
9862.49
2
9867.46
1
9872.44
1
9879.1
1
9887.33
1
9893.88
1
9900.22
2
9918.7
2
9934.02
3
9944.79
4
9968.61
4
10000.6
3
