5.00502
4
10.0051
4
15.0102
4
20.0102
4
25.0152
4
30.0202
3.32
35.0299
3.0544
40.0344
3.0544
45.0389
3.0544
50.0384
3.0544
55.0378
4.70378
60.0423
4.70378
65.042
4.70378
70.0425
4.70378
75.048
4.70378
80.0585
4.70378
85.0639
7.33789
90.064
7.33789
95.069
7.33789
100.074
7.33789
105.08
7.48465
110.08
7.48465
115.08
7.26011
120.086
6.8971
125.086
6.8971
130.085
6.8971
135.239
6.8971
140.243
6.8971
145.246
6.8971
150.25
6.8971
155.249
6.8971
160.248
5.79357
165.246
5.79357
170.25
5.79357
175.248
5.79357
180.252
5.79357
185.25
5.79357
190.249
5.79357
195.247
5.79357
200.246
5.79357
205.245
5.79357
210.248
5.79357
215.257
5.79357
220.261
8.80622
225.265
8.80622
230.264
8.80622
